95 179
1 32
1 37
1 67
2 28
2 60
2 89
3 13
3 19
3 42
4 22
4 39
4 63
5 23
5 35
5 71
5 77
6 19
6 31
7 42
7 62
7 69
8 37
8 44
8 50
9 83
10 19
10 83
11 37
12 28
12 71
12 78
12 83
13 34
14 15
14 34
14 70
14 81
14 83
15 86
15 88
15 90
16 31
16 83
16 87
17 25
17 38
17 40
17 43
17 45
17 49
18 70
19 22
19 36
19 43
19 58
20 72
21 28
21 34
21 87
22 37
22 62
22 78
22 93
23 94
24 67
25 27
25 51
25 90
25 94
26 33
26 50
26 57
26 91
27 39
27 53
28 37
28 60
28 72
29 66
29 72
30 48
30 60
30 76
30 78
31 83
31 85
31 91
32 45
32 87
32 88
33 61
33 82
33 83
34 49
35 43
35 95
36 41
36 50
36 57
36 79
36 81
36 89
37 95
38 71
38 77
39 41
41 67
41 80
43 87
44 75
44 78
44 85
45 95
46 51
47 59
47 74
47 94
48 71
49 53
49 67
50 76
50 82
50 91
50 92
51 82
52 54
52 65
52 85
53 61
53 71
53 93
54 74
54 81
55 78
55 94
56 64
56 65
56 69
56 87
56 89
57 69
57 78
58 64
59 78
60 67
60 67
60 75
61 69
61 90
62 86
63 84
63 93
64 66
64 87
65 73
66 68
67 85
68 89
69 75
70 91
71 78
71 84
71 93
72 86
72 89
72 92
73 91
74 77
74 83
75 83
75 88
77 88
80 85
81 86
84 92
85 86
87 90
90 91
91 95
