97 200
1 11
1 27
1 31
1 40
1 61
1 83
1 84
2 44
2 56
2 87
2 96
3 28
3 37
3 55
3 60
3 67
3 91
4 43
4 46
4 78
5 6
5 27
5 34
5 61
5 71
6 18
6 21
6 80
6 88
7 12
7 33
7 34
7 39
8 15
8 63
9 38
9 49
9 78
10 14
10 54
10 75
10 91
11 20
11 52
11 64
11 66
11 78
12 40
12 48
13 23
13 52
13 79
14 21
14 36
14 54
14 65
14 84
15 18
15 30
15 35
15 53
15 53
15 90
16 23
16 30
16 90
17 25
17 52
17 66
17 69
17 70
17 71
17 72
17 96
18 44
18 45
18 48
18 68
19 50
19 55
19 93
20 26
20 44
20 49
20 95
21 37
21 64
22 70
22 71
22 77
22 82
22 91
23 38
23 53
23 68
23 74
24 47
24 49
24 66
24 85
24 90
26 33
27 44
27 78
27 87
28 61
28 74
28 78
29 51
29 56
29 82
29 88
30 76
30 84
31 66
31 74
32 63
32 85
33 56
33 76
34 44
34 65
34 66
34 85
35 39
35 61
35 82
35 89
36 41
36 62
37 38
37 66
37 86
38 89
39 53
39 77
39 82
40 47
40 88
41 47
42 55
42 67
42 81
42 82
43 74
43 78
43 82
43 93
44 82
45 51
45 52
45 53
45 61
46 92
46 97
47 81
47 83
48 69
48 79
49 51
49 66
49 75
50 74
50 91
52 62
55 73
57 61
57 66
57 69
57 71
58 83
58 84
59 66
59 93
59 97
60 87
61 70
61 87
62 71
62 71
62 72
62 75
63 70
63 78
64 84
66 83
67 74
68 94
70 82
72 80
79 83
79 94
79 94
80 90
81 82
83 87
83 96
84 85
92 94
95 96
