1997 3334
1 84
1 683
1 1059
1 1517
2 153
2 805
2 890
2 1295
3 1402
3 1939
3 1954
4 149
4 252
4 950
4 1049
4 1356
5 1189
5 1369
5 1838
5 1951
6 1235
6 1932
7 310
7 1067
8 1015
8 1623
9 702
9 1313
10 1609
10 1713
11 153
11 1436
12 766
13 103
13 658
13 740
13 1199
13 1813
14 757
14 1840
14 1951
15 452
15 680
15 1872
15 1938
16 254
16 923
16 1506
17 101
17 1867
18 70
18 509
18 1308
18 1555
19 62
19 581
19 715
19 871
19 1268
19 1338
20 1860
21 1549
21 1916
21 1949
22 133
22 1244
22 1270
23 686
23 1674
24 357
24 1132
24 1701
24 1950
25 642
25 1200
25 1508
26 230
26 707
26 1156
27 89
27 211
27 381
27 983
27 1382
28 325
28 1058
29 229
29 235
30 551
30 1141
30 1154
31 179
31 341
31 1514
31 1665
32 339
32 430
32 1056
33 886
33 912
34 131
34 817
34 1439
34 1618
35 458
35 605
35 1491
35 1526
36 784
36 1188
36 1333
37 847
37 1420
37 1483
38 1588
39 60
39 864
40 236
40 714
40 1466
40 1493
41 62
41 62
41 122
41 1972
42 704
42 722
42 883
42 948
42 1045
42 1350
43 628
43 1327
44 232
44 666
44 691
44 1055
44 1791
45 295
45 495
45 1268
45 1322
45 1611
45 1619
46 311
46 1291
46 1330
47 172
47 546
47 696
47 1742
47 1764
47 1908
48 357
48 595
48 1598
49 1463
50 127
50 606
50 1313
50 1501
50 1864
50 1907
51 482
51 1440
51 1447
52 318
52 894
53 1083
53 1302
53 1364
53 1873
54 145
54 769
54 787
55 128
55 528
55 780
55 835
55 1199
55 1655
55 1858
55 1881
56 1627
56 1733
56 1796
57 172
57 176
57 1137
58 1468
58 1823
59 1168
59 1211
60 413
60 607
60 713
60 1408
61 338
61 1098
61 1849
61 1851
63 457
63 1080
63 1148
63 1325
64 1023
64 1223
64 1378
64 1513
65 321
65 1223
65 1607
65 1773
66 799
67 471
67 867
67 1505
68 305
68 619
68 1374
69 366
69 559
69 676
69 1330
69 1713
70 400
70 469
70 1479
71 615
71 954
71 1471
71 1943
71 1977
72 836
72 1131
73 264
73 1168
74 474
74 1148
75 974
75 1093
75 1661
75 1881
76 1552
76 1736
77 621
77 709
77 1394
77 1948
78 161
78 489
78 1007
78 1054
78 1358
78 1535
79 542
79 1610
79 1955
80 718
80 1170
80 1599
81 636
81 845
81 1184
81 1469
81 1582
81 1662
82 296
82 546
82 1122
82 1145
82 1480
83 313
83 1864
83 1905
84 89
84 1021
84 1894
85 656
85 921
86 945
86 1778
87 767
87 1196
88 626
88 1007
88 1375
88 1443
89 480
89 1236
89 1618
90 1726
90 1789
90 1839
91 177
92 227
92 801
93 1076
93 1172
93 1173
93 1529
93 1807
93 1958
94 514
94 548
94 608
94 1343
95 1279
95 1302
96 730
96 961
96 977
97 788
97 977
97 1532
97 1864
97 1901
98 307
98 513
98 1140
99 470
99 701
99 1442
99 1479
100 271
100 677
101 195
101 882
102 722
102 808
102 1314
103 587
103 640
103 885
103 1300
104 328
104 1883
105 1293
105 1915
106 199
106 1071
106 1939
107 452
107 665
107 1070
107 1360
108 265
108 310
108 580
108 1503
109 340
109 353
110 647
110 667
110 1247
110 1361
110 1522
111 315
111 1161
112 688
112 741
113 205
113 732
114 1357
114 1621
115 458
115 928
115 1124
116 173
116 866
116 1113
117 582
117 812
117 1640
117 1779
117 1826
118 250
118 1144
118 1318
118 1858
119 925
119 1464
119 1798
120 586
120 1373
121 936
121 1594
121 1796
122 681
122 726
122 1923
123 815
123 1789
123 1933
123 1935
124 1280
124 1557
125 297
125 997
125 1959
126 135
126 1056
126 1550
126 1594
126 1769
127 616
128 299
128 974
128 1118
129 391
129 1083
129 1394
130 351
130 1064
130 1584
131 651
131 1041
131 1442
132 1098
132 1361
132 1630
132 1981
133 1107
134 380
134 919
134 929
134 1049
134 1211
135 771
135 1698
135 1728
136 1026
137 304
137 1120
137 1163
137 1925
138 1502
138 1582
138 1837
139 385
139 634
139 1363
140 524
140 684
140 1372
140 1448
141 372
141 1653
142 258
142 654
142 1050
142 1816
143 178
143 605
143 1242
144 980
144 1620
144 1733
144 1996
145 453
145 1319
145 1458
145 1522
146 340
146 1114
146 1726
147 308
148 1446
148 1525
149 282
149 863
150 1042
150 1203
150 1241
150 1470
150 1759
150 1807
151 281
151 1716
152 870
152 1973
153 1537
154 833
154 1007
155 683
155 1521
156 1937
157 202
157 1091
157 1508
157 1833
158 276
159 939
160 702
160 746
160 975
161 214
161 1349
161 1459
161 1574
162 1010
163 669
163 1216
164 284
164 1605
164 1898
164 1966
165 167
165 673
166 1629
167 361
167 712
168 363
168 866
168 878
168 1775
168 1875
169 186
169 1949
170 472
170 523
170 1632
171 956
171 1693
171 1744
171 1773
172 954
172 1695
172 1956
172 1976
173 769
173 1919
174 980
175 221
175 1413
175 1506
176 432
176 1023
176 1766
176 1813
177 632
177 1676
177 1706
179 243
179 668
179 1456
179 1519
180 1136
180 1535
181 1471
181 1585
181 1671
182 445
182 488
182 969
182 995
182 1275
183 643
183 1210
183 1281
184 334
184 1320
184 1626
184 1710
185 577
185 997
185 1906
186 774
186 1168
186 1231
186 1470
186 1475
186 1783
187 244
187 399
187 540
187 855
187 1776
188 246
188 317
188 351
188 685
188 726
188 1352
188 1777
189 1139
189 1257
189 1400
189 1501
189 1599
189 1669
190 912
190 1478
190 1502
191 1277
191 1366
191 1387
191 1847
192 770
192 792
192 1093
192 1256
192 1322
192 1540
193 238
193 341
193 820
193 1049
193 1219
193 1390
194 350
194 534
194 1134
194 1181
195 1482
195 1613
196 727
196 1772
196 1820
197 758
198 1065
198 1085
198 1434
199 619
199 1652
199 1752
199 1960
200 310
200 605
200 696
200 963
200 1180
200 1273
201 376
201 606
201 662
201 1552
202 237
202 399
202 854
203 252
203 1404
203 1613
203 1833
204 1381
204 1420
205 276
205 332
205 903
205 911
205 1909
205 1911
206 506
206 1667
206 1749
207 317
207 1302
207 1910
208 1591
209 338
209 583
209 791
209 1063
209 1768
209 1917
210 787
210 1178
210 1361
211 713
211 1146
211 1495
211 1766
212 1030
212 1768
213 571
213 1507
213 1828
214 1674
214 1685
215 277
215 471
215 652
215 1851
216 406
216 455
216 1239
216 1437
216 1482
216 1554
216 1903
217 592
217 745
218 710
219 686
219 1045
219 1405
220 901
220 952
220 1141
220 1266
221 280
221 536
221 1805
222 1264
222 1353
222 1448
222 1544
222 1808
223 338
223 1422
223 1504
224 653
225 1024
226 239
226 318
226 341
226 1709
227 1601
228 233
228 582
228 817
228 1152
228 1455
229 1020
229 1357
230 659
230 716
230 861
230 1433
230 1755
231 317
231 510
231 731
231 900
231 1532
232 746
232 1554
233 1182
234 562
234 1166
234 1445
234 1584
234 1795
235 254
235 449
235 964
235 1456
235 1798
236 275
236 599
237 1891
237 1969
238 1223
239 320
239 483
239 810
239 1364
240 330
240 356
240 1306
240 1710
241 291
241 1036
241 1107
242 993
242 1589
242 1980
243 886
243 1187
243 1927
244 683
244 978
244 1143
244 1986
245 915
245 1069
245 1322
245 1774
246 1689
247 459
247 849
247 1793
248 1116
248 1646
248 1851
249 930
249 1727
250 1325
251 461
251 1200
252 1123
252 1299
253 476
253 748
254 779
254 862
254 1340
255 1013
255 1083
255 1273
255 1786
255 1871
256 950
256 1397
256 1543
256 1885
257 1706
257 1892
258 711
258 895
258 1362
259 1236
260 683
260 1313
260 1347
260 1934
261 617
262 1153
262 1448
262 1539
262 1545
263 301
263 745
263 835
263 1403
263 1409
263 1951
264 1289
264 1876
265 791
265 1512
266 522
266 1044
267 1536
267 1764
268 483
268 1653
269 1761
270 1461
271 470
271 1793
272 851
272 1184
272 1187
272 1978
273 857
274 363
274 466
274 1587
275 606
275 648
275 1071
275 1759
275 1954
276 415
276 959
276 1814
277 511
277 805
277 1752
278 749
278 1093
278 1723
278 1941
278 1973
279 858
279 1353
279 1838
280 1096
280 1148
280 1689
281 826
281 1240
281 1884
282 460
282 1353
282 1772
282 1899
283 1633
284 454
284 729
284 1180
285 319
285 492
285 563
285 808
285 1760
286 338
286 608
286 678
286 1031
286 1317
287 997
287 1214
287 1701
288 539
288 774
288 1072
288 1689
289 383
289 409
289 650
289 849
289 961
289 1807
289 1842
290 930
290 1234
290 1962
291 1183
291 1926
292 615
292 920
292 1303
293 586
293 1922
294 1685
294 1688
294 1913
295 618
295 767
296 462
296 924
296 1245
296 1705
296 1735
297 400
297 879
298 1470
298 1542
298 1588
298 1710
299 566
299 767
300 1047
300 1154
301 1058
302 680
302 1118
302 1369
302 1642
302 1809
303 1443
304 852
304 1404
304 1442
304 1605
305 1409
306 1151
306 1716
307 724
307 846
307 1426
307 1922
308 1850
308 1900
309 1608
309 1810
310 1103
310 1713
311 1173
311 1400
311 1827
312 867
312 1059
312 1736
313 570
314 1033
315 324
315 772
316 1148
317 1444
318 663
318 1746
319 1117
319 1325
319 1559
319 1637
319 1651
319 1847
320 885
320 1088
320 1565
321 727
321 828
321 1835
322 553
322 683
322 1860
323 331
323 1772
324 612
324 921
324 1277
324 1661
325 398
325 1528
326 898
326 1897
327 420
327 477
327 1460
328 907
328 1035
328 1346
329 615
329 1041
329 1762
329 1815
330 1106
330 1307
330 1329
331 553
331 1477
333 462
333 1230
333 1261
334 394
334 1691
335 553
335 984
336 1661
336 1889
336 1984
337 431
337 611
337 1432
338 419
338 1096
338 1329
338 1686
338 1876
339 617
339 1299
340 399
340 1161
340 1698
341 772
341 1324
342 928
342 1042
343 991
343 1683
343 1685
344 403
344 695
344 1359
344 1421
344 1628
344 1818
345 579
345 1215
345 1486
346 1542
347 413
348 1103
349 1332
350 1024
350 1980
351 1190
351 1619
352 657
353 388
353 668
353 1784
354 793
355 558
355 1323
355 1602
355 1731
355 1920
355 1985
356 900
356 1712
356 1928
357 373
357 538
357 558
357 583
357 1243
358 1010
358 1679
359 988
359 1260
359 1381
359 1385
360 546
360 840
360 1016
360 1938
360 1945
361 1709
362 453
362 957
362 973
362 1131
362 1370
363 1032
363 1414
364 698
364 797
364 805
364 1266
364 1391
364 1715
364 1868
364 1958
365 374
365 615
365 1027
366 620
366 671
366 885
366 922
366 1010
367 603
367 826
367 984
367 1511
367 1522
367 1890
368 963
368 1019
369 783
369 1129
369 1211
369 1581
370 390
370 469
370 554
370 958
370 1065
371 402
371 906
371 1306
372 1149
373 1600
374 994
374 1848
375 1437
375 1964
376 679
376 1390
376 1553
377 1318
377 1888
378 462
378 472
378 859
378 865
378 933
378 1103
378 1316
378 1868
379 393
379 1894
380 1086
380 1192
380 1628
380 1677
381 594
381 1429
382 518
382 754
382 1976
383 1783
383 1834
384 760
384 1217
384 1219
384 1325
385 638
385 930
385 963
385 1355
385 1418
385 1829
386 828
386 1623
386 1725
387 690
387 701
387 1443
388 1051
388 1614
388 1922
389 1232
389 1969
390 907
390 916
390 986
390 1597
391 902
391 1251
392 736
392 896
392 1143
393 472
393 1526
394 807
395 1223
395 1371
396 603
396 780
397 419
397 424
397 1613
398 521
398 548
398 762
398 1808
399 611
399 1693
400 564
400 593
400 735
400 1140
400 1180
400 1395
400 1506
400 1774
401 917
401 1001
401 1474
401 1967
403 582
403 684
403 1874
403 1966
404 940
404 1574
405 596
405 606
405 608
405 1164
405 1601
406 1217
406 1932
407 508
407 1177
407 1242
407 1572
407 1643
408 718
409 629
409 956
409 1204
410 1653
410 1748
410 1880
411 1243
411 1328
412 1134
412 1277
413 760
413 1411
414 416
414 1972
415 624
416 909
416 1369
417 1686
417 1980
418 486
418 516
418 1157
418 1971
419 1845
420 927
420 1307
420 1412
421 1139
422 1226
422 1379
422 1954
423 525
424 812
424 1516
424 1814
425 510
425 1929
426 1751
427 554
427 1182
427 1431
428 677
428 886
428 916
428 1243
428 1457
428 1933
429 635
429 1121
429 1294
429 1471
430 749
430 1104
430 1848
430 1880
430 1972
431 739
431 799
431 1968
432 574
432 716
432 1259
433 1100
433 1516
433 1771
434 567
434 746
434 807
435 1453
435 1466
435 1792
436 481
436 564
436 1648
437 952
437 1182
438 1249
438 1659
439 534
439 752
440 669
440 823
440 1022
441 1013
441 1287
442 844
442 1621
443 459
443 626
443 652
443 1509
443 1784
444 585
444 621
444 1160
444 1277
445 688
445 833
445 1653
445 1721
446 1388
446 1992
447 822
447 964
447 1592
448 826
448 1456
449 538
449 1295
449 1963
450 587
450 1392
450 1755
451 776
451 1006
451 1686
451 1748
453 782
453 1333
453 1714
454 1789
454 1948
455 600
455 664
455 1492
456 1042
457 497
457 766
458 1615
458 1670
459 823
459 1713
459 1813
459 1997
460 1996
461 703
461 946
463 777
463 1240
463 1262
464 1691
464 1707
464 1790
464 1886
465 573
465 577
465 624
465 1608
466 1330
466 1856
467 562
467 1106
467 1342
467 1897
468 1032
468 1178
469 487
469 828
469 857
469 1687
470 565
470 1142
470 1143
470 1395
471 629
471 1256
471 1286
471 1791
472 1498
473 1298
473 1358
473 1375
473 1793
474 668
474 1531
474 1606
474 1838
475 872
475 899
476 856
476 995
477 665
477 1184
477 1311
477 1488
478 494
478 580
478 1694
479 589
479 1212
480 744
480 968
481 562
483 1029
483 1336
483 1353
484 926
484 1884
485 866
485 1281
485 1426
485 1546
485 1873
486 1219
486 1275
486 1368
487 500
487 631
487 1099
487 1934
487 1957
488 776
488 1902
489 549
490 1206
490 1596
490 1898
490 1942
491 569
491 1312
491 1421
491 1672
491 1736
491 1778
493 630
493 1175
493 1343
493 1595
494 1229
495 556
495 1469
496 1209
496 1758
497 1304
497 1670
497 1885
498 592
498 639
498 1150
498 1198
499 617
499 1442
500 813
500 957
500 1304
500 1581
500 1867
501 1224
501 1758
501 1798
501 1910
502 667
502 1213
502 1463
502 1749
503 1231
503 1657
503 1808
504 533
504 731
505 516
505 760
505 1683
505 1950
506 1269
506 1443
507 1154
507 1639
508 1401
509 933
509 1337
509 1389
509 1594
509 1599
510 995
510 1826
511 1440
511 1747
512 1505
512 1743
513 741
513 1077
513 1530
514 902
514 968
514 1237
514 1720
514 1795
515 913
515 1831
516 1590
517 708
517 903
518 758
519 578
519 1404
519 1965
520 549
520 1978
521 1919
522 673
522 1204
523 763
523 1653
523 1686
525 1044
525 1326
525 1555
526 585
526 937
526 1219
526 1358
526 1995
527 1564
529 906
529 1290
530 839
531 859
531 896
531 1456
531 1917
532 742
533 647
533 1520
534 790
534 1173
535 545
535 1185
535 1203
535 1219
535 1663
536 782
536 854
536 910
536 1193
536 1562
536 1761
537 1323
537 1576
538 1617
538 1842
539 592
539 735
540 1370
541 653
542 729
543 1325
544 1141
544 1161
544 1172
545 1973
546 759
547 1173
547 1402
547 1707
547 1920
548 1648
549 920
549 1102
550 685
550 961
550 1913
551 639
551 709
551 927
552 1427
552 1488
553 1604
555 563
556 791
556 1115
556 1270
557 596
557 1110
557 1367
557 1441
558 875
558 1002
558 1584
558 1641
559 1247
560 1201
560 1271
560 1311
561 601
561 1599
562 577
562 657
562 1659
562 1877
563 940
563 952
564 742
564 1127
564 1149
565 948
565 1101
565 1835
565 1870
565 1936
566 1393
566 1405
566 1469
566 1981
567 969
568 1644
568 1862
569 1847
570 628
570 1395
570 1588
570 1683
571 806
571 1076
572 1673
573 646
573 765
573 987
573 1012
573 1175
574 980
574 992
574 1061
574 1313
575 850
575 873
575 1229
576 1260
576 1682
577 953
578 1133
578 1327
578 1722
579 1269
579 1517
579 1572
579 1871
579 1927
580 1291
580 1643
581 1267
581 1383
582 1186
583 792
584 643
584 749
584 1100
584 1228
585 1086
585 1130
585 1867
586 1138
586 1772
587 650
588 1132
588 1289
588 1390
588 1571
589 1220
590 1119
590 1894
590 1975
591 862
591 1358
591 1601
592 1082
592 1881
592 1927
593 721
593 1447
593 1942
594 1375
595 1602
596 758
596 1037
596 1357
596 1730
597 855
598 974
598 1750
598 1799
599 942
599 1273
599 1317
599 1769
600 764
600 1341
600 1529
600 1610
600 1778
601 822
602 773
602 1142
603 727
603 1617
603 1797
604 1322
604 1576
604 1786
605 856
605 1308
605 1661
606 1533
607 1931
608 1259
608 1756
609 761
609 800
609 1192
609 1632
610 1202
611 917
611 1110
611 1514
612 959
612 1869
613 903
613 1541
613 1981
614 1121
615 751
615 1112
616 1017
616 1389
616 1477
617 1627
618 858
619 1296
620 794
620 1158
620 1487
621 1794
622 999
622 1113
622 1691
622 1713
623 1121
623 1706
623 1946
624 1600
624 1681
625 722
625 726
625 1074
625 1432
625 1968
626 1934
626 1944
627 668
628 773
628 1088
628 1313
629 1304
629 1741
630 1181
630 1182
630 1188
630 1607
630 1609
631 1348
632 635
633 1070
634 1821
635 1724
636 1607
636 1801
636 1964
637 890
637 1392
637 1625
637 1697
637 1733
638 934
639 1387
640 1495
640 1729
641 726
641 1472
642 1187
642 1301
642 1442
643 1208
644 755
644 1074
644 1262
645 902
646 1477
647 699
647 935
647 1097
647 1312
647 1413
647 1466
647 1724
647 1915
648 733
648 964
649 793
649 1048
649 1560
649 1915
650 705
650 1883
650 1920
651 1009
651 1033
651 1081
651 1887
652 1490
652 1635
652 1643
653 670
653 1238
653 1286
653 1344
653 1509
654 1478
654 1822
654 1832
655 1071
655 1561
656 780
656 1447
657 718
658 1465
659 807
659 1427
660 1105
661 1624
662 1215
662 1352
662 1817
662 1900
662 1930
663 882
663 1085
663 1625
664 1003
664 1117
664 1731
664 1884
665 723
665 794
665 826
665 1064
665 1624
666 1152
666 1309
667 725
669 717
669 1458
669 1663
670 1292
671 1182
672 970
672 1324
672 1877
673 1208
673 1702
674 817
674 1074
674 1598
674 1636
674 1679
675 710
675 976
675 1210
675 1616
675 1805
676 878
676 1525
676 1542
676 1850
676 1935
677 1224
678 794
678 928
678 1112
678 1959
679 684
679 1698
680 698
680 1367
681 896
681 1384
682 812
682 1302
682 1828
682 1922
683 1647
684 846
685 700
685 1008
685 1434
685 1591
686 762
687 715
687 1551
689 1370
689 1757
690 775
691 1030
691 1814
691 1818
692 1110
692 1158
692 1306
692 1983
693 1529
693 1566
694 1620
694 1769
695 1248
696 1824
697 1124
697 1833
698 862
698 1135
698 1322
699 1418
699 1781
700 1706
701 1561
702 1134
702 1465
703 1020
703 1250
703 1510
703 1726
704 707
704 969
705 842
705 1335
706 1758
706 1790
707 726
707 904
707 1193
708 1568
708 1898
709 1599
709 1612
709 1822
710 1648
711 1188
711 1225
711 1503
712 1069
712 1867
713 1652
714 1094
714 1290
715 1260
715 1881
716 1283
716 1727
717 774
717 1077
717 1414
718 1571
719 1305
719 1621
720 818
720 1952
721 902
721 1193
721 1440
721 1711
722 798
722 1256
723 1465
724 1068
724 1361
724 1544
724 1787
725 1983
726 1184
726 1408
726 1848
727 1351
728 785
728 1171
728 1296
730 1530
730 1751
731 874
731 1230
731 1721
732 1330
733 738
733 1272
733 1804
734 1381
734 1452
735 993
735 1067
736 1222
736 1433
736 1788
737 1128
737 1415
737 1907
738 1139
739 828
739 931
740 988
740 1278
740 1280
741 1040
741 1234
741 1336
742 1228
742 1890
743 953
743 1108
743 1604
745 977
745 1194
745 1788
745 1854
746 1438
747 765
747 1143
748 933
748 1335
749 1040
750 1267
751 1861
751 1923
752 1370
753 1394
754 1409
754 1511
755 1450
756 1410
757 929
757 976
757 1318
758 960
758 969
758 1903
760 1003
760 1830
761 1195
763 934
764 1008
764 1598
764 1964
765 1472
765 1874
766 1017
766 1117
766 1450
766 1699
766 1905
767 1985
767 1990
768 819
768 1451
768 1462
769 830
769 1184
769 1613
770 860
771 1075
771 1126
771 1509
771 1704
772 1297
772 1348
772 1422
772 1655
773 1320
774 949
774 1452
776 1133
776 1787
777 1596
777 1752
778 1256
778 1397
779 1335
779 1793
779 1806
779 1887
779 1929
780 1319
780 1943
781 1558
781 1733
782 1717
782 1979
783 850
783 1194
784 1732
784 1760
785 907
785 1988
786 1139
786 1524
786 1816
787 961
789 1062
790 1332
791 1450
792 1050
793 1603
794 995
794 1351
794 1425
794 1456
794 1674
794 1823
795 1935
795 1938
796 1207
797 1271
798 1589
798 1700
799 979
800 801
800 1226
801 1419
801 1946
802 1246
802 1964
803 1553
803 1763
804 984
804 987
805 1330
805 1670
806 970
806 1567
807 1546
808 963
808 1458
808 1779
809 892
810 1719
810 1768
810 1995
811 829
811 1308
812 1853
813 1733
813 1820
814 942
814 1197
815 1429
815 1493
816 849
816 873
816 1535
817 1222
818 878
818 1345
818 1976
819 1072
819 1679
820 927
820 1627
820 1985
821 1411
821 1572
822 1710
823 829
823 1862
824 1101
824 1608
825 1068
825 1873
825 1935
826 1473
826 1699
827 1623
827 1661
827 1732
829 881
829 949
829 1626
829 1974
830 944
830 1414
831 1141
831 1576
831 1680
832 913
832 1117
832 1312
832 1605
833 1729
834 1161
834 1415
834 1891
835 1719
836 1322
836 1595
836 1712
837 1674
838 963
838 1803
839 885
840 1134
840 1600
841 1339
841 1350
841 1531
841 1799
842 1038
842 1747
842 1937
842 1981
843 1607
844 1421
844 1446
844 1775
845 1251
845 1400
845 1986
846 989
846 1709
847 1104
848 1350
849 1969
850 1130
850 1153
851 934
851 1493
851 1714
852 1252
852 1749
853 1296
853 1424
854 947
854 1281
854 1729
856 1802
856 1859
857 1166
857 1547
857 1633
858 1484
858 1672
859 1611
859 1849
860 1250
860 1500
861 1270
861 1784
861 1799
862 1130
863 1317
863 1522
863 1575
863 1704
863 1882
865 1027
865 1028
866 892
868 1266
868 1979
869 1904
870 1499
871 1937
872 1935
873 1008
873 1309
874 1005
875 1861
876 1367
877 1207
877 1735
878 1419
878 1758
879 1121
880 1682
880 1846
881 962
881 1836
882 1293
883 1217
884 1068
884 1393
885 1002
885 1510
885 1622
887 1729
887 1758
888 1097
889 924
889 1441
890 1556
891 918
891 1259
891 1757
892 1668
893 1488
893 1624
894 915
894 1343
894 1831
895 1141
895 1303
895 1677
895 1906
896 1326
897 1527
898 1405
898 1522
899 1704
901 1532
901 1919
902 1228
902 1802
903 1470
903 1550
905 930
905 1445
905 1700
906 1433
906 1691
907 1116
907 1435
908 1433
908 1604
909 1764
909 1921
910 1294
910 1442
910 1945
911 1248
911 1347
911 1823
913 1776
913 1937
914 1346
914 1962
915 1640
916 1437
917 1703
917 1930
918 990
918 1276
918 1824
919 1840
920 1129
920 1145
921 1358
921 1417
921 1448
922 1236
922 1287
922 1386
922 1404
922 1405
922 1428
923 1018
924 1322
924 1756
925 944
925 1595
925 1820
927 1219
927 1545
927 1961
928 1203
928 1348
929 1766
929 1875
930 1306
930 1520
930 1680
930 1711
931 1256
931 1867
932 1236
932 1577
932 1817
935 1085
936 1303
936 1552
937 1028
937 1762
937 1822
938 1604
939 1758
940 1441
940 1833
941 1255
941 1432
941 1813
941 1837
942 954
942 1566
943 1236
943 1660
945 1784
945 1840
945 1866
946 958
948 1125
951 995
951 1099
953 1117
953 1180
953 1841
955 973
955 1271
955 1354
955 1969
956 1808
957 1647
957 1690
958 1095
960 1514
961 1179
961 1698
961 1848
961 1926
964 1580
964 1697
965 1319
965 1621
965 1775
966 1167
966 1189
966 1380
966 1705
967 1318
968 1051
969 1201
969 1466
970 1241
971 1213
971 1643
971 1838
971 1876
972 1709
973 975
973 1319
974 1265
974 1453
975 1882
976 1914
977 1410
977 1509
977 1968
979 1018
980 1175
980 1484
980 1506
980 1725
981 1879
982 1468
982 1491
982 1994
983 1718
984 1131
984 1325
984 1540
984 1954
985 1134
985 1284
985 1501
985 1706
986 1359
986 1931
986 1986
988 1312
988 1534
990 1317
990 1377
990 1652
990 1916
991 1165
991 1224
992 1078
992 1521
996 1728
997 1284
997 1460
997 1692
997 1753
997 1879
998 1135
998 1810
998 1961
999 1812
1000 1328
1000 1469
1000 1903
1001 1081
1003 1897
1004 1119
1004 1502
1004 1754
1005 1282
1006 1312
1007 1727
1009 1843
1010 1116
1010 1404
1010 1937
1011 1014
1013 1591
1014 1834
1015 1535
1015 1988
1017 1120
1017 1419
1017 1865
1019 1986
1021 1125
1021 1856
1021 1862
1021 1892
1022 1314
1023 1136
1023 1289
1023 1460
1023 1989
1024 1389
1024 1468
1025 1050
1025 1280
1025 1337
1025 1502
1025 1719
1026 1451
1027 1771
1031 1523
1031 1679
1032 1038
1032 1539
1033 1275
1033 1330
1033 1512
1033 1820
1034 1699
1034 1751
1035 1538
1035 1931
1036 1368
1036 1561
1036 1827
1038 1224
1039 1930
1039 1930
1040 1072
1040 1091
1040 1129
1040 1503
1042 1577
1042 1688
1042 1811
1043 1066
1043 1224
1043 1384
1043 1850
1044 1398
1044 1669
1045 1123
1045 1681
1046 1395
1046 1471
1046 1825
1047 1596
1047 1823
1048 1237
1048 1646
1049 1602
1049 1795
1050 1748
1050 1841
1050 1877
1051 1679
1052 1491
1052 1743
1053 1092
1054 1481
1055 1135
1056 1500
1057 1235
1057 1736
1059 1635
1060 1571
1060 1989
1061 1560
1061 1698
1061 1922
1062 1350
1062 1557
1063 1221
1063 1516
1063 1774
1064 1213
1064 1745
1064 1867
1065 1081
1066 1397
1069 1130
1069 1855
1070 1167
1070 1624
1071 1942
1072 1225
1072 1262
1072 1593
1073 1079
1073 1737
1074 1682
1075 1710
1076 1406
1076 1801
1077 1159
1078 1758
1079 1094
1080 1191
1081 1111
1081 1429
1081 1672
1081 1744
1082 1125
1082 1717
1082 1937
1083 1146
1084 1175
1084 1192
1084 1460
1084 1537
1084 1835
1085 1911
1087 1117
1088 1538
1089 1355
1089 1386
1090 1417
1090 1655
1090 1692
1090 1967
1091 1893
1092 1140
1092 1313
1092 1593
1092 1975
1094 1434
1094 1943
1095 1510
1096 1524
1098 1840
1099 1970
1100 1987
1102 1780
1104 1723
1105 1264
1105 1327
1105 1634
1106 1341
1106 1899
1107 1427
1108 1588
1108 1815
1109 1581
1110 1444
1111 1941
1112 1309
1113 1606
1113 1674
1114 1776
1115 1119
1116 1905
1117 1334
1119 1448
1121 1704
1122 1918
1122 1924
1123 1185
1123 1463
1123 1626
1123 1854
1123 1866
1124 1281
1125 1201
1125 1220
1125 1648
1125 1864
1126 1298
1127 1730
1127 1757
1129 1793
1130 1524
1132 1820
1132 1825
1134 1240
1134 1814
1135 1780
1135 1986
1137 1272
1137 1818
1139 1678
1139 1867
1139 1947
1140 1639
1142 1518
1142 1580
1144 1551
1144 1839
1145 1301
1146 1702
1147 1207
1147 1268
1148 1153
1148 1968
1149 1209
1151 1255
1151 1285
1151 1880
1155 1692
1158 1978
1159 1235
1159 1459
1160 1289
1162 1671
1162 1700
1163 1200
1163 1423
1164 1241
1164 1940
1165 1672
1167 1196
1167 1882
1167 1980
1169 1903
1169 1983
1171 1612
1173 1578
1174 1500
1176 1558
1177 1289
1179 1186
1180 1380
1181 1466
1181 1729
1182 1253
1182 1402
1183 1199
1183 1793
1185 1804
1185 1828
1190 1407
1190 1582
1191 1817
1192 1582
1193 1242
1193 1790
1194 1669
1195 1332
1195 1666
1195 1982
1196 1365
1198 1626
1199 1568
1199 1934
1200 1367
1200 1690
1202 1541
1202 1558
1203 1275
1204 1688
1205 1749
1206 1227
1206 1244
1206 1629
1206 1673
1207 1638
1209 1797
1210 1368
1211 1301
1211 1508
1211 1860
1213 1270
1214 1607
1214 1829
1216 1824
1218 1548
1218 1988
1219 1878
1220 1540
1220 1849
1221 1528
1226 1308
1226 1634
1227 1948
1230 1233
1230 1262
1231 1943
1232 1251
1232 1535
1234 1254
1236 1263
1237 1893
1245 1469
1245 1621
1245 1889
1248 1752
1249 1616
1249 1860
1250 1775
1251 1481
1252 1669
1253 1709
1254 1326
1254 1664
1255 1409
1258 1275
1258 1338
1259 1690
1259 1886
1261 1806
1263 1410
1264 1403
1265 1609
1268 1400
1269 1549
1269 1736
1270 1857
1271 1740
1271 1926
1271 1941
1272 1397
1273 1448
1274 1681
1277 1587
1278 1679
1279 1345
1280 1936
1282 1307
1282 1960
1285 1896
1286 1320
1286 1417
1287 1367
1287 1454
1287 1750
1288 1326
1289 1436
1291 1553
1291 1564
1291 1831
1293 1501
1295 1310
1296 1713
1298 1387
1298 1871
1300 1433
1300 1906
1301 1535
1302 1563
1302 1580
1303 1320
1303 1968
1304 1578
1305 1517
1306 1461
1306 1665
1306 1806
1306 1836
1306 1838
1309 1765
1312 1776
1312 1886
1313 1748
1313 1828
1313 1872
1315 1953
1317 1647
1318 1535
1318 1587
1318 1791
1318 1907
1319 1335
1320 1925
1321 1913
1322 1829
1323 1769
1324 1524
1328 1544
1328 1911
1330 1526
1330 1695
1330 1778
1331 1752
1333 1842
1333 1863
1334 1405
1334 1781
1335 1820
1337 1816
1338 1475
1338 1623
1338 1821
1338 1866
1339 1537
1339 1549
1339 1863
1340 1968
1341 1935
1342 1388
1344 1865
1345 1799
1346 1548
1346 1674
1347 1391
1348 1695
1348 1853
1349 1413
1350 1430
1350 1459
1352 1642
1353 1402
1354 1472
1354 1894
1355 1960
1356 1502
1359 1573
1360 1555
1360 1558
1362 1369
1362 1415
1362 1674
1363 1399
1363 1800
1365 1940
1366 1515
1367 1386
1367 1740
1367 1850
1368 1393
1368 1747
1369 1681
1369 1734
1370 1429
1370 1448
1370 1518
1371 1945
1372 1375
1372 1453
1372 1593
1373 1812
1375 1556
1375 1995
1376 1430
1377 1459
1377 1627
1379 1440
1380 1458
1381 1457
1382 1973
1383 1931
1383 1952
1384 1756
1384 1790
1385 1469
1385 1926
1386 1728
1388 1479
1388 1621
1388 1735
1389 1657
1389 1679
1391 1420
1392 1901
1393 1509
1396 1451
1398 1830
1401 1412
1403 1895
1404 1593
1404 1737
1405 1948
1406 1643
1406 1931
1407 1568
1407 1730
1407 1774
1408 1856
1410 1451
1410 1480
1411 1514
1412 1740
1416 1530
1416 1637
1418 1739
1418 1958
1420 1525
1420 1598
1421 1619
1423 1554
1425 1888
1428 1451
1428 1687
1428 1997
1430 1526
1430 1772
1430 1948
1432 1565
1432 1734
1434 1661
1436 1438
1436 1464
1437 1486
1437 1591
1437 1834
1437 1877
1438 1929
1439 1770
1439 1831
1439 1867
1443 1563
1443 1793
1446 1600
1447 1685
1447 1799
1447 1994
1448 1836
1449 1582
1450 1578
1450 1870
1451 1579
1451 1714
1452 1537
1454 1874
1454 1940
1455 1725
1455 1847
1455 1995
1461 1635
1465 1603
1466 1502
1466 1900
1466 1942
1467 1472
1467 1977
1470 1663
1471 1690
1472 1589
1474 1834
1476 1588
1477 1647
1477 1761
1477 1798
1478 1759
1478 1957
1479 1580
1479 1591
1480 1739
1483 1649
1483 1950
1484 1939
1485 1562
1486 1585
1487 1827
1488 1704
1489 1912
1491 1752
1492 1963
1494 1497
1494 1868
1495 1958
1496 1921
1497 1506
1498 1592
1499 1560
1499 1692
1500 1583
1501 1951
1503 1757
1503 1862
1504 1754
1508 1575
1510 1929
1511 1903
1511 1941
1512 1563
1512 1842
1513 1543
1513 1734
1516 1883
1521 1766
1521 1856
1525 1948
1526 1556
1527 1780
1528 1912
1529 1845
1529 1875
1530 1667
1530 1677
1533 1689
1535 1563
1536 1668
1538 1598
1539 1739
1540 1609
1543 1807
1545 1920
1546 1606
1549 1735
1550 1697
1553 1597
1553 1788
1554 1571
1555 1667
1555 1742
1557 1718
1559 1602
1559 1985
1562 1587
1562 1605
1562 1705
1565 1596
1566 1816
1566 1918
1568 1669
1569 1574
1569 1908
1570 1877
1572 1835
1572 1908
1572 1996
1573 1665
1575 1730
1576 1579
1576 1702
1578 1961
1581 1891
1582 1588
1583 1907
1584 1915
1585 1889
1586 1623
1586 1850
1586 1902
1589 1914
1590 1669
1590 1967
1592 1797
1593 1619
1593 1875
1593 1957
1594 1603
1594 1905
1596 1977
1597 1747
1598 1668
1599 1889
1600 1649
1608 1826
1608 1852
1610 1840
1613 1767
1614 1619
1614 1936
1615 1849
1617 1832
1618 1991
1620 1846
1621 1705
1622 1648
1625 1773
1625 1835
1629 1696
1631 1756
1632 1655
1633 1937
1634 1923
1635 1702
1635 1741
1636 1895
1637 1918
1641 1812
1641 1852
1642 1997
1645 1918
1648 1779
1650 1685
1650 1801
1650 1803
1654 1672
1654 1868
1656 1820
1658 1996
1659 1752
1659 1952
1660 1970
1663 1805
1664 1793
1666 1694
1668 1794
1670 1746
1674 1758
1674 1991
1675 1969
1676 1701
1676 1721
1676 1898
1679 1896
1680 1685
1684 1857
1685 1993
1687 1742
1696 1818
1703 1731
1707 1908
1708 1954
1709 1765
1709 1924
1712 1935
1713 1952
1714 1929
1718 1750
1719 1958
1721 1877
1722 1951
1723 1742
1723 1953
1724 1865
1724 1979
1726 1731
1729 1862
1730 1909
1731 1915
1738 1815
1739 1873
1740 1829
1744 1987
1746 1780
1748 1946
1749 1756
1756 1830
1757 1864
1760 1765
1760 1983
1762 1867
1763 1816
1763 1835
1769 1983
1777 1947
1779 1970
1780 1818
1782 1962
1784 1939
1784 1961
1785 1803
1795 1958
1800 1917
1803 1940
1806 1904
1811 1988
1813 1987
1815 1978
1819 1853
1820 1946
1824 1844
1828 1867
1832 1908
1833 1871
1836 1936
1837 1945
1844 1874
1845 1965
1848 1932
1853 1909
1854 1878
1856 1946
1857 1915
1859 1971
1860 1942
1876 1929
1877 1955
1878 1965
1886 1887
1905 1908
1910 1987
1911 1954
1925 1952
1938 1976
1939 1974
1941 1992
