1971 5597
1 276
1 588
1 602
1 809
1 1490
1 1588
2 780
2 917
2 1035
2 1231
2 1397
3 217
3 296
3 346
3 559
3 579
3 621
3 785
3 889
3 965
3 1130
3 1304
4 1191
4 1284
4 1314
4 1645
4 1961
5 538
5 834
5 876
5 1046
5 1058
5 1079
5 1083
5 1217
6 108
6 780
6 972
6 1421
6 1424
6 1910
7 175
7 373
7 635
7 1055
8 92
8 139
8 435
8 803
8 1146
8 1628
9 34
9 1091
9 1380
9 1632
9 1686
9 1803
10 313
10 380
10 1011
10 1418
10 1836
11 275
11 599
11 1208
11 1842
12 44
12 57
12 732
12 1228
12 1690
12 1730
12 1759
13 500
13 516
13 773
13 1384
13 1407
14 39
14 409
14 1094
14 1811
14 1926
15 56
15 314
15 600
15 887
15 968
15 1138
15 1922
16 115
16 401
16 908
16 1590
16 1924
17 44
17 1007
17 1933
18 69
18 516
18 1608
19 116
19 129
19 320
19 1347
19 1804
19 1818
20 260
20 266
20 273
20 1139
20 1453
20 1611
20 1740
20 1841
21 469
21 684
21 1108
21 1377
22 152
22 660
22 1054
22 1072
22 1448
22 1490
23 58
23 420
23 747
23 766
23 1051
23 1311
23 1794
24 594
24 668
24 778
24 793
24 929
24 1437
24 1883
25 341
25 602
25 711
25 1342
26 438
26 992
26 1188
27 497
27 983
27 1066
27 1400
27 1747
28 375
28 659
28 744
28 1755
28 1892
29 263
29 341
29 782
29 790
29 933
29 1139
29 1619
29 1773
29 1873
30 320
30 720
30 1280
30 1468
30 1631
30 1928
31 573
31 681
31 747
31 839
31 1051
32 1169
32 1190
32 1321
32 1414
32 1780
33 647
33 1633
34 733
34 955
34 1687
35 446
35 597
35 1032
35 1186
35 1569
35 1576
36 731
36 859
36 1009
36 1016
36 1044
36 1271
36 1426
36 1629
37 313
37 367
37 440
37 597
37 1122
37 1227
37 1384
38 242
38 252
38 750
38 1177
38 1714
39 72
39 774
39 1231
39 1283
39 1571
40 115
40 282
40 782
40 1006
40 1049
40 1296
40 1634
40 1718
40 1748
40 1833
41 360
41 651
41 1202
41 1647
41 1936
42 66
42 190
42 648
42 1785
42 1853
43 666
43 710
43 1110
43 1456
43 1810
44 120
44 434
44 735
44 882
44 1213
45 111
45 175
45 762
45 1769
46 242
46 855
46 1453
46 1501
46 1587
47 660
47 851
47 1815
48 238
48 945
48 1047
48 1224
49 209
49 280
49 357
49 410
49 1256
49 1628
49 1651
50 86
50 420
50 1022
50 1191
50 1969
51 95
51 649
51 1393
51 1459
51 1818
52 92
52 620
52 726
52 867
53 153
53 175
53 795
53 1694
53 1713
54 80
54 130
54 304
54 484
54 591
54 620
54 1417
54 1534
54 1691
55 100
55 426
55 790
55 931
55 1199
55 1582
56 394
56 629
56 798
56 1100
56 1137
56 1700
56 1802
57 126
57 146
57 400
57 466
57 1692
58 124
58 282
58 446
58 634
58 820
58 1230
58 1750
58 1815
59 198
59 594
59 598
59 1015
59 1306
59 1705
59 1741
60 562
60 682
60 960
60 1322
60 1360
61 210
61 950
61 953
61 1328
61 1472
61 1780
61 1795
62 118
62 402
62 571
62 633
62 727
62 1478
62 1756
63 298
63 771
63 1234
63 1581
64 83
64 391
64 399
64 529
64 780
64 1343
64 1675
64 1864
65 151
65 173
65 505
65 935
65 1318
65 1379
65 1527
65 1748
65 1871
66 89
66 1777
67 300
67 872
67 929
67 950
67 1345
68 430
68 435
68 995
68 1335
68 1532
68 1831
69 657
69 1012
69 1250
69 1372
70 192
70 352
70 676
70 721
70 982
70 1116
70 1740
70 1918
71 134
71 151
71 343
71 837
71 1463
72 648
72 672
72 838
72 1125
72 1210
72 1235
72 1805
72 1874
73 1060
73 1163
73 1342
73 1459
73 1492
73 1647
73 1690
74 308
74 309
74 472
74 1251
74 1641
74 1835
75 366
75 456
76 728
76 1044
76 1112
77 314
77 862
77 994
77 1317
77 1643
78 1232
78 1238
79 109
80 179
80 214
80 359
80 543
80 605
80 1024
80 1147
81 95
81 708
81 1212
81 1416
81 1723
82 129
82 262
82 370
82 960
83 338
83 666
83 1186
83 1309
84 210
84 595
84 778
84 824
84 1739
85 194
85 846
85 1693
85 1822
86 120
86 557
86 809
86 923
86 1230
86 1259
86 1456
86 1538
86 1801
86 1970
87 279
87 324
87 860
87 1706
88 502
88 562
88 1847
88 1899
89 544
89 876
89 1192
89 1411
89 1952
90 147
90 618
90 679
90 745
90 1131
90 1807
90 1823
91 226
91 600
91 1332
91 1358
91 1936
92 458
92 742
92 1281
92 1821
93 173
93 335
93 850
93 852
93 966
93 1144
93 1944
94 381
94 651
94 701
94 872
94 1571
94 1893
95 500
95 531
95 536
95 754
95 1240
95 1527
95 1648
96 161
96 178
96 271
96 700
96 826
96 1519
97 238
97 512
97 821
97 1393
97 1720
98 165
98 280
98 469
98 515
98 708
98 985
98 1357
98 1459
98 1720
98 1876
99 153
99 410
99 621
99 674
99 1291
99 1765
99 1791
99 1812
99 1813
99 1862
99 1945
100 1202
100 1288
101 148
101 925
101 1007
101 1104
101 1203
101 1349
101 1355
101 1666
101 1710
101 1884
102 306
102 996
102 1113
103 135
103 595
103 773
103 875
103 1235
103 1333
103 1866
103 1894
104 731
104 1112
104 1199
104 1313
104 1501
104 1687
104 1716
104 1791
105 676
105 789
105 1117
105 1389
106 477
106 746
106 1215
106 1248
106 1663
106 1891
107 722
107 893
107 1032
108 152
108 573
108 1105
108 1449
108 1509
108 1547
108 1625
108 1764
109 254
109 615
109 1546
109 1550
109 1780
110 518
110 761
110 1013
110 1024
110 1074
110 1334
110 1769
111 177
111 182
111 606
111 783
111 1091
111 1286
111 1389
111 1724
112 173
112 333
112 647
112 932
112 1137
113 250
113 360
113 796
113 1092
114 168
114 887
114 934
114 1010
114 1022
114 1252
114 1806
114 1940
115 327
115 347
115 552
115 553
115 644
115 1188
115 1214
115 1560
116 189
116 1528
117 320
117 673
117 1091
117 1144
117 1380
117 1812
118 1325
118 1500
118 1777
118 1788
118 1885
119 227
119 594
119 1080
119 1255
119 1607
119 1912
119 1962
120 390
120 501
120 882
120 1214
120 1355
120 1361
120 1562
120 1587
120 1719
120 1791
121 143
121 570
121 1826
122 274
122 774
122 1060
122 1338
122 1612
123 843
123 878
123 919
123 985
123 1064
123 1468
123 1757
123 1822
124 417
124 497
124 812
125 634
125 806
125 1508
125 1651
126 220
126 1301
127 265
127 425
127 598
127 782
127 951
127 1421
127 1698
128 156
128 897
128 897
128 902
128 1683
128 1865
129 471
129 636
129 654
129 1653
130 334
130 418
130 493
130 777
130 1085
130 1486
131 609
131 916
131 948
131 1083
131 1146
131 1152
131 1260
131 1282
131 1514
131 1640
132 345
132 564
132 649
132 672
132 922
132 1132
132 1265
132 1864
133 138
133 1591
133 1612
133 1746
133 1815
134 238
134 332
134 380
134 1605
134 1744
134 1786
135 218
135 846
135 1111
135 1867
136 398
136 1070
136 1114
136 1605
136 1610
136 1698
136 1703
137 535
137 619
137 1878
138 160
138 178
138 181
138 221
138 328
138 614
138 836
138 1739
138 1766
139 162
139 264
139 964
139 1159
139 1222
140 266
140 650
140 1169
140 1655
141 244
141 247
141 496
141 634
141 1265
141 1857
142 166
142 419
142 911
142 1298
142 1550
142 1579
142 1646
143 300
143 305
143 697
143 792
143 795
143 821
143 1245
143 1637
143 1641
144 450
144 459
144 512
144 1122
144 1267
144 1404
144 1428
144 1705
144 1891
145 152
145 202
145 368
145 601
145 786
145 873
145 1051
145 1294
145 1428
145 1792
146 249
146 399
146 929
146 1083
146 1133
146 1200
146 1319
146 1841
146 1908
147 240
147 691
147 1081
147 1237
148 319
148 353
148 692
148 765
148 778
148 1076
148 1952
149 331
149 918
149 1201
149 1373
149 1412
149 1598
150 168
150 789
150 1003
150 1109
151 253
151 902
151 1361
152 174
152 520
152 720
152 984
153 674
153 1362
154 743
154 1354
154 1533
154 1647
154 1767
154 1844
155 323
155 394
155 1056
156 264
156 563
156 815
156 1162
156 1197
156 1272
156 1555
156 1771
157 519
157 811
157 863
157 980
157 1228
157 1446
157 1734
158 234
158 247
158 556
159 182
159 681
159 732
159 784
159 926
159 1101
159 1275
159 1668
160 185
160 760
160 871
160 968
160 1060
160 1199
160 1341
160 1721
161 291
161 529
161 1094
161 1230
161 1770
161 1904
161 1953
162 213
162 239
162 271
162 382
162 550
162 675
163 647
163 956
163 1178
163 1390
163 1487
164 683
164 794
164 1008
164 1164
164 1824
164 1915
165 435
165 688
165 812
165 964
165 1050
165 1528
166 235
166 493
166 773
166 1020
166 1117
166 1164
167 640
167 1182
167 1247
168 228
168 260
168 1016
169 706
169 825
170 457
170 632
170 1043
170 1200
170 1626
171 489
171 856
171 999
171 1383
171 1619
171 1864
172 492
172 568
172 801
172 1505
173 351
173 515
173 634
173 680
173 914
173 1701
173 1858
174 772
174 1040
174 1073
175 507
175 1909
176 631
176 686
176 1103
176 1184
176 1470
176 1508
176 1565
176 1615
176 1745
177 328
177 519
177 972
178 269
178 506
178 1221
178 1565
179 521
179 690
179 889
179 1646
179 1676
179 1687
179 1902
180 291
180 1090
180 1171
181 262
181 377
181 381
181 402
181 1067
181 1094
181 1734
182 533
182 786
182 1280
182 1403
182 1441
183 190
183 201
183 267
183 793
183 1025
183 1383
183 1551
183 1718
184 1379
184 1522
185 571
185 1118
186 461
186 628
186 1514
186 1666
187 229
187 691
187 1076
187 1081
188 730
188 793
189 967
189 1051
189 1619
189 1663
189 1876
190 598
190 871
190 1037
190 1059
190 1086
190 1709
190 1800
191 536
191 713
191 1132
191 1169
191 1340
192 334
192 335
192 864
192 989
192 1129
192 1553
192 1852
192 1899
193 526
193 1087
193 1104
193 1328
193 1471
193 1554
194 213
194 274
194 462
194 1250
194 1412
194 1643
195 197
195 1004
195 1189
195 1426
195 1615
196 606
196 612
196 693
196 871
196 1395
197 215
197 389
197 985
197 1093
197 1374
197 1786
198 524
198 647
198 1367
198 1760
198 1791
198 1811
199 269
199 1058
199 1327
199 1497
199 1689
199 1875
199 1903
200 851
200 1012
200 1325
200 1336
200 1486
201 540
201 644
201 1372
201 1648
201 1863
202 217
202 350
202 369
202 397
202 791
202 1343
202 1505
202 1639
202 1658
202 1839
203 237
203 691
203 942
203 1095
203 1587
203 1787
203 1849
203 1886
204 311
204 365
204 983
204 1089
204 1333
204 1383
204 1740
205 669
205 781
205 942
205 1068
205 1532
206 302
206 373
206 584
206 685
206 729
206 1144
206 1673
207 528
207 1634
207 1707
208 576
208 611
208 797
208 1211
208 1371
208 1949
208 1957
209 403
209 507
209 1323
209 1357
209 1400
209 1661
210 497
210 616
210 690
210 1288
210 1563
210 1715
211 534
211 887
211 1519
211 1788
212 827
212 1118
212 1158
212 1388
212 1919
213 615
213 688
213 923
213 1373
213 1561
214 723
214 1214
214 1385
214 1834
215 360
215 513
215 658
215 996
215 1168
215 1376
215 1405
215 1711
216 284
216 963
216 1106
216 1145
216 1354
217 246
217 513
217 1892
218 486
218 490
218 562
218 678
218 786
218 786
218 891
218 1466
218 1530
218 1638
219 849
219 949
219 1028
219 1950
220 360
220 1401
220 1467
221 267
221 891
221 1589
221 1899
222 511
222 938
222 1014
222 1064
222 1082
222 1958
223 281
223 492
223 712
223 768
223 829
224 950
224 1330
225 569
225 832
225 1013
225 1026
225 1074
225 1118
225 1418
225 1475
226 229
226 232
226 594
226 1162
226 1480
226 1522
227 325
227 560
227 935
227 1772
227 1782
227 1876
227 1899
227 1959
228 460
228 787
228 968
228 1436
228 1532
228 1604
228 1679
229 485
229 1078
230 561
230 814
230 1335
231 297
231 715
231 826
231 1008
231 1310
231 1678
231 1865
231 1896
231 1938
232 575
232 1056
232 1209
232 1239
232 1439
232 1463
232 1870
232 1880
233 243
233 338
233 530
233 792
233 1017
233 1029
233 1162
233 1367
233 1608
233 1703
234 625
234 862
234 1122
234 1143
234 1671
235 494
235 1346
235 1464
236 308
236 347
236 689
236 751
236 1074
236 1296
236 1374
236 1392
236 1441
236 1766
237 333
237 401
237 431
237 577
237 961
237 1292
237 1605
237 1856
238 1347
239 251
239 318
239 717
240 954
240 981
240 1321
240 1928
241 518
241 1103
241 1326
241 1365
241 1367
241 1373
241 1382
241 1489
241 1564
242 993
242 1340
242 1689
243 738
243 1457
244 260
244 563
244 810
244 824
244 1244
244 1528
244 1725
245 675
245 1000
245 1830
246 434
246 567
246 814
246 835
246 1128
247 1273
248 537
248 1566
248 1622
248 1950
249 270
249 603
249 890
249 891
249 1056
249 1062
249 1591
249 1683
250 1178
251 460
251 589
251 1177
251 1561
251 1866
252 620
252 760
252 1186
252 1255
252 1300
252 1812
254 720
254 1161
254 1826
254 1911
255 645
255 901
255 1113
255 1144
255 1290
256 414
256 596
256 828
256 962
256 1048
256 1232
256 1310
256 1437
257 272
257 479
257 1323
257 1478
257 1737
257 1773
258 576
258 732
258 866
259 297
259 426
259 1611
260 569
260 635
260 639
260 802
260 1140
260 1466
261 529
261 956
261 1184
261 1716
261 1811
262 357
262 554
262 1184
262 1508
263 431
263 953
263 1000
263 1783
264 454
264 1512
264 1536
265 516
265 707
265 794
265 1151
265 1228
265 1881
265 1950
266 801
266 1898
267 703
267 1612
267 1785
268 783
268 903
268 1112
268 1177
268 1221
268 1427
268 1439
268 1756
268 1923
269 690
269 700
269 1129
269 1214
269 1271
269 1374
269 1905
270 390
270 644
270 1732
270 1903
271 1319
271 1371
271 1735
271 1757
272 802
272 1515
272 1515
272 1807
273 279
273 448
273 1564
273 1766
274 995
274 1163
274 1522
274 1830
275 301
275 1019
275 1085
275 1749
276 282
276 1073
276 1108
276 1183
276 1780
276 1790
276 1857
277 388
277 593
277 743
277 967
277 1171
277 1727
277 1898
278 458
278 1135
279 306
279 794
279 1039
279 1551
279 1741
280 471
280 975
280 1012
281 397
281 1432
281 1790
282 694
282 997
282 1541
283 542
283 597
284 1032
284 1068
284 1641
284 1813
285 508
285 614
285 833
285 1564
286 358
286 1430
286 1539
286 1854
286 1913
287 550
287 1011
287 1334
287 1923
288 343
288 464
288 693
288 757
288 1917
289 452
289 903
289 1496
289 1589
289 1866
290 417
290 897
290 1463
290 1467
291 522
291 1102
291 1148
291 1515
292 496
292 565
292 1140
292 1328
292 1348
292 1393
292 1677
292 1783
292 1842
293 932
293 947
293 1060
293 1083
293 1093
293 1182
293 1234
293 1331
293 1888
293 1969
294 1623
294 1694
295 627
295 655
295 968
295 1195
295 1784
295 1863
295 1938
296 1059
296 1278
296 1278
296 1516
297 766
297 861
297 1085
297 1413
297 1506
297 1778
298 423
298 545
298 721
298 1204
298 1212
298 1325
298 1712
298 1880
299 342
299 355
299 617
299 915
300 1143
300 1367
301 411
301 1269
301 1276
301 1691
301 1937
302 510
302 513
302 779
302 925
302 996
302 1446
302 1743
303 1009
303 1022
303 1873
303 1894
304 536
304 789
304 1048
305 385
305 604
305 620
305 1179
305 1236
305 1292
306 706
306 810
306 854
306 1163
306 1281
306 1542
306 1821
306 1824
307 331
307 1018
307 1453
307 1951
308 673
308 683
308 784
308 853
308 1193
308 1555
309 780
309 941
309 1012
309 1924
310 1646
310 1791
311 387
311 560
311 899
311 1174
311 1671
311 1804
312 474
312 1158
312 1166
312 1763
312 1898
312 1961
313 900
313 1019
313 1290
313 1292
313 1658
314 736
314 889
314 1193
314 1231
314 1621
315 879
315 981
315 1120
315 1750
316 432
316 482
316 609
316 1485
316 1570
317 582
317 773
317 920
317 1040
318 393
318 1178
318 1437
318 1615
318 1966
319 396
319 462
319 508
319 622
319 708
319 737
319 772
319 774
319 1535
319 1785
320 1381
320 1522
320 1885
321 415
321 791
321 1707
321 1878
322 490
322 688
322 936
322 1090
322 1567
323 1031
323 1449
323 1634
324 407
324 454
324 488
324 503
324 570
324 622
324 739
324 1591
325 545
325 786
325 1107
325 1540
325 1771
326 347
326 969
326 1949
327 476
327 888
327 1135
327 1239
327 1517
327 1760
327 1888
328 545
328 1010
328 1015
328 1223
328 1816
329 481
329 744
329 924
329 1142
329 1250
329 1263
329 1396
330 1172
330 1231
330 1297
330 1963
331 625
331 832
331 1197
331 1238
331 1874
331 1916
332 421
332 846
332 1080
332 1811
333 639
333 1199
333 1314
333 1391
333 1667
334 698
334 1163
334 1554
334 1683
335 349
335 977
335 1207
335 1327
335 1546
335 1935
336 1013
336 1034
336 1750
336 1758
336 1768
337 1164
337 1270
337 1280
337 1286
337 1796
337 1896
338 695
338 1279
338 1431
338 1839
339 1026
339 1860
340 629
340 1398
340 1902
341 517
341 531
341 866
341 1751
342 488
342 565
342 625
342 800
342 1054
342 1057
342 1079
342 1136
343 1114
343 1475
343 1596
343 1740
344 579
344 823
344 1705
344 1758
344 1917
345 676
345 1071
345 1398
346 443
346 748
346 1886
346 1947
347 1059
347 1465
347 1568
348 630
348 963
348 1088
348 1222
348 1452
348 1493
348 1945
349 448
349 1516
350 1356
350 1695
350 1795
350 1954
351 780
351 1053
351 1185
351 1225
351 1802
351 1875
352 873
352 1068
352 1116
352 1211
352 1287
352 1522
352 1726
353 717
353 938
353 1058
353 1066
353 1370
353 1441
353 1474
353 1819
354 388
354 899
354 1217
354 1370
354 1675
355 474
355 1063
355 1848
355 1923
356 461
356 649
356 751
356 896
356 973
356 1873
357 712
357 777
357 1104
357 1596
358 614
358 631
358 768
358 879
358 1333
358 1860
359 536
359 647
359 822
359 905
359 1879
360 453
360 972
360 1294
360 1386
361 585
361 1211
361 1554
362 1573
363 732
363 938
363 1108
363 1726
363 1823
364 411
364 552
364 929
364 934
364 947
364 1116
364 1468
365 527
365 1208
365 1324
365 1647
366 1108
366 1144
366 1329
366 1937
367 1050
367 1100
367 1890
368 714
368 779
369 428
369 559
369 699
369 939
370 854
370 1003
370 1030
370 1893
371 950
371 1331
371 1436
371 1626
371 1637
371 1867
372 886
372 917
372 1267
372 1317
372 1715
372 1866
373 1533
373 1680
374 761
374 855
374 892
374 943
374 1387
374 1524
375 379
375 532
375 653
375 1369
375 1787
376 378
376 564
376 584
376 628
376 879
376 941
376 1270
376 1469
376 1770
376 1786
376 1856
377 766
377 967
377 1515
377 1727
378 973
378 1490
378 1832
379 519
379 761
379 1025
379 1063
379 1194
379 1282
380 381
380 506
380 1542
381 1725
382 537
382 751
382 1191
382 1865
382 1892
382 1899
383 1061
383 1210
383 1460
384 492
384 527
384 973
384 1330
385 779
385 1189
385 1502
385 1631
386 769
386 821
386 1435
386 1503
386 1825
386 1908
387 802
387 1135
387 1254
387 1820
388 602
388 655
388 730
388 838
388 992
388 1515
388 1741
388 1766
388 1840
388 1856
389 460
389 1191
389 1351
389 1359
389 1684
390 941
390 976
390 1248
390 1681
390 1917
391 511
391 597
391 652
391 754
391 1368
391 1442
391 1442
391 1596
392 637
392 924
392 1237
392 1587
393 779
393 828
393 1564
394 472
394 802
394 1122
394 1456
394 1492
394 1529
394 1544
394 1800
395 751
395 795
395 1387
395 1476
395 1659
395 1731
396 1354
396 1480
397 472
397 812
397 1525
398 1411
398 1541
398 1654
398 1680
399 503
400 404
400 788
400 1261
400 1630
400 1821
401 581
401 590
401 632
401 700
401 926
401 945
401 1015
402 604
402 727
402 891
402 1564
403 1575
404 509
404 678
404 712
404 1261
404 1268
404 1464
405 1312
406 637
406 801
406 876
406 1125
406 1599
407 498
407 882
407 1662
407 1803
408 539
408 1330
408 1873
408 1965
409 929
409 987
409 1430
409 1731
409 1732
410 663
410 795
410 798
410 1174
410 1369
411 595
411 1258
411 1428
411 1602
411 1939
412 415
412 1259
412 1405
412 1428
412 1839
413 867
413 1571
413 1756
413 1937
414 946
414 1666
414 1700
414 1733
415 713
415 1024
415 1508
415 1923
415 1965
416 473
416 731
416 1702
416 1784
417 554
417 844
417 868
417 1154
417 1292
417 1555
417 1604
417 1687
417 1820
417 1964
418 881
418 1201
418 1275
419 1489
419 1824
419 1845
420 1054
421 661
421 851
421 919
421 1292
421 1469
421 1487
421 1553
421 1933
422 507
422 618
422 621
422 739
422 809
422 1119
422 1134
422 1171
422 1215
422 1531
422 1718
423 682
423 1324
423 1374
423 1493
423 1751
423 1863
424 452
424 508
424 806
424 1277
425 768
425 782
425 1599
425 1839
426 1323
427 431
427 752
427 782
427 969
427 1022
427 1337
427 1535
427 1884
428 618
428 705
428 715
428 1011
428 1383
428 1819
429 449
429 665
429 1248
429 1674
429 1869
430 810
430 843
430 1539
430 1933
431 467
431 669
431 738
432 960
432 1264
432 1304
432 1403
433 577
433 861
433 947
433 1324
433 1898
434 682
434 919
434 1028
434 1174
434 1297
434 1797
435 1272
435 1337
435 1435
435 1753
435 1826
436 896
436 951
436 955
436 1061
436 1112
436 1660
436 1673
436 1839
436 1948
437 826
437 1130
437 1210
437 1383
437 1683
437 1767
437 1936
438 814
438 1091
438 1425
439 539
439 552
439 696
439 1426
439 1600
439 1803
440 725
440 993
440 1057
440 1563
440 1647
440 1847
440 1897
441 1237
441 1277
441 1310
441 1526
442 681
442 1040
442 1671
443 577
443 712
443 746
443 770
443 860
443 883
443 1081
443 1240
443 1961
444 1043
444 1196
445 490
445 1525
445 1724
445 1879
445 1901
446 1171
446 1307
446 1368
446 1414
446 1623
447 499
447 581
447 715
447 1189
447 1266
447 1471
448 535
448 622
448 1144
448 1233
448 1833
449 900
449 921
449 1023
449 1144
449 1195
449 1327
449 1641
450 612
450 919
450 1579
450 1751
450 1887
451 592
451 632
451 879
451 1306
451 1350
451 1474
451 1480
451 1669
451 1821
452 1341
453 697
453 742
453 917
453 1077
453 1392
453 1795
454 460
454 826
454 977
454 1530
454 1705
454 1771
455 797
455 944
455 947
455 1913
455 1920
456 604
456 876
456 945
456 1038
456 1394
456 1445
456 1645
457 828
457 875
457 1312
457 1524
458 525
458 797
458 846
458 861
458 944
458 1028
458 1061
458 1146
458 1354
458 1595
459 544
459 1059
460 476
460 535
460 1199
460 1649
461 476
461 1592
462 697
462 718
462 889
462 993
462 1041
462 1138
462 1197
462 1238
463 505
463 716
464 598
464 677
464 1113
464 1182
464 1775
465 491
465 802
465 815
465 1280
466 1086
466 1264
466 1798
467 526
467 1002
467 1272
467 1590
467 1673
468 1012
468 1646
469 1415
470 1234
470 1653
470 1694
470 1811
470 1956
471 767
471 1071
471 1386
471 1550
471 1752
472 641
472 648
472 1301
472 1311
472 1582
472 1745
473 512
473 910
473 957
473 1310
474 1029
474 1360
474 1426
474 1822
474 1849
475 895
475 930
475 993
475 1078
475 1126
476 532
476 755
476 995
476 1470
476 1480
476 1878
477 944
477 1121
477 1236
477 1320
478 525
478 994
478 1042
478 1234
478 1811
479 552
479 1258
479 1685
480 1298
480 1569
481 1003
481 1056
481 1104
481 1332
481 1918
482 488
482 1076
483 628
483 874
484 486
484 671
484 832
484 1157
484 1527
484 1648
484 1912
485 549
485 755
485 1620
485 1658
486 891
486 980
487 686
487 820
487 974
487 1011
487 1395
487 1934
488 510
488 830
488 1304
488 1579
488 1868
488 1910
489 847
489 1968
490 680
490 1340
490 1771
490 1966
491 1491
491 1566
492 725
492 967
492 1057
492 1173
492 1361
492 1589
492 1912
493 534
493 1014
493 1133
493 1254
493 1462
494 599
494 1028
494 1215
494 1648
494 1662
494 1895
495 919
496 639
496 783
496 1127
496 1305
496 1707
497 1185
497 1383
497 1400
497 1689
498 912
498 923
498 1606
498 1656
499 531
499 1330
499 1521
499 1636
499 1890
500 521
500 837
500 1396
500 1703
500 1722
500 1735
501 924
501 1110
501 1841
502 1116
502 1257
503 621
503 1155
503 1309
503 1831
504 616
504 654
504 841
504 977
504 1639
505 876
505 1310
505 1451
505 1651
505 1787
506 661
506 878
506 1715
507 757
507 955
508 1211
508 1946
509 756
509 1737
510 869
510 1248
510 1910
511 1475
511 1492
511 1718
512 1049
512 1189
512 1513
513 798
513 1702
513 1751
514 685
514 724
514 1211
514 1552
514 1916
514 1921
515 554
515 662
515 1817
516 637
516 1108
516 1167
516 1380
516 1771
516 1877
517 540
517 555
517 597
517 618
517 893
517 1065
517 1250
517 1361
517 1381
517 1442
518 911
518 1161
518 1309
518 1610
518 1619
518 1715
519 1548
520 639
520 885
520 963
520 999
520 1046
520 1064
520 1253
520 1262
521 1120
521 1182
521 1197
521 1241
521 1254
521 1726
521 1734
521 1929
522 688
522 1187
522 1351
522 1439
522 1866
523 887
523 1281
523 1387
524 1144
524 1166
525 733
525 1253
525 1561
526 689
526 814
526 1274
526 1935
527 606
527 912
528 864
528 865
528 935
528 1102
528 1209
528 1517
529 1010
530 576
530 1047
530 1753
530 1953
531 553
531 990
531 1322
531 1357
531 1916
532 761
532 1038
532 1227
532 1280
532 1459
532 1703
533 927
533 1422
533 1484
534 692
534 996
534 1639
534 1816
535 686
535 889
535 1075
535 1444
535 1893
536 1094
536 1121
536 1377
536 1435
536 1787
537 1082
537 1394
537 1651
537 1966
538 695
538 830
538 850
538 1369
538 1496
538 1819
538 1867
539 564
539 578
539 1007
539 1092
539 1101
539 1234
539 1455
540 571
540 999
540 1013
540 1135
540 1153
540 1213
540 1674
540 1740
541 602
541 906
541 1607
542 919
542 988
542 1285
542 1357
542 1464
542 1600
542 1937
543 1005
543 1240
543 1757
543 1962
544 1446
544 1936
545 884
545 1342
546 682
546 766
546 927
546 1434
547 822
547 1104
547 1196
547 1766
548 959
548 1058
548 1316
548 1345
548 1668
548 1678
549 593
549 623
549 790
549 1059
549 1128
549 1634
550 1008
550 1338
551 1060
551 1160
551 1283
551 1481
552 1344
552 1518
553 958
553 1776
553 1920
554 1495
555 918
555 1231
555 1369
555 1463
555 1633
555 1690
555 1872
556 658
556 697
556 996
556 1899
557 911
557 1298
557 1425
557 1429
558 590
558 805
558 887
558 1101
558 1160
558 1204
558 1755
559 945
559 1127
559 1309
560 809
560 1251
560 1743
561 1359
561 1883
562 919
562 1119
563 1006
563 1043
563 1165
563 1442
564 1140
564 1315
564 1365
564 1665
564 1950
565 730
565 852
565 1365
565 1922
566 992
566 1276
566 1405
566 1669
566 1867
567 586
567 592
567 598
567 647
567 672
567 923
567 1575
567 1621
568 640
568 741
568 777
568 1390
568 1582
568 1594
569 1309
569 1707
569 1768
570 974
570 1211
570 1756
571 1239
571 1499
572 605
572 795
573 1278
573 1357
573 1688
573 1795
574 865
574 1756
575 763
575 982
575 1109
575 1352
575 1677
575 1746
576 1146
576 1199
576 1230
576 1511
576 1659
576 1712
577 671
577 898
577 1851
578 704
578 1955
579 609
579 615
579 785
579 811
579 941
579 1001
579 1295
579 1412
579 1417
579 1467
580 910
580 984
580 1079
580 1268
581 879
581 902
581 1117
581 1271
581 1329
581 1591
581 1836
581 1896
581 1954
582 659
582 765
582 787
582 1693
583 674
583 881
583 1720
584 662
584 1351
584 1930
585 1532
586 621
586 1087
586 1479
586 1745
587 596
587 818
587 1082
587 1288
588 820
588 1129
589 1323
589 1444
589 1505
590 989
590 1074
590 1654
590 1833
591 646
591 725
591 753
592 925
592 1183
592 1552
592 1951
593 720
593 1333
593 1690
594 806
594 815
594 1294
594 1330
595 1854
596 1576
596 1698
597 905
597 955
597 1062
597 1073
597 1663
597 1757
598 739
599 1269
600 925
600 1036
600 1410
600 1518
600 1556
600 1677
600 1839
601 745
601 1169
601 1548
601 1579
601 1872
602 1544
602 1595
603 1407
603 1613
603 1770
603 1833
604 667
604 1068
604 1206
604 1537
604 1555
605 1091
605 1170
605 1411
605 1610
606 1290
606 1646
606 1646
607 846
607 1497
607 1639
608 648
608 1310
608 1447
608 1542
609 928
609 1023
609 1186
609 1226
609 1538
609 1546
609 1564
609 1723
610 750
610 1057
610 1909
610 1933
611 969
611 1016
611 1127
611 1516
612 821
612 1343
612 1629
613 719
613 1565
614 879
614 928
614 1030
614 1230
614 1766
615 724
615 1475
615 1605
616 1279
616 1523
617 723
617 1246
618 1060
618 1721
618 1733
619 898
619 1148
619 1191
619 1764
619 1849
620 1072
620 1211
620 1879
621 1473
622 1790
623 680
623 824
623 1380
624 686
624 943
624 1278
624 1331
624 1363
624 1620
624 1877
625 739
625 1118
625 1247
625 1269
625 1411
625 1568
626 801
626 858
626 1066
626 1701
626 1732
626 1944
627 920
627 1027
627 1247
627 1303
627 1520
627 1631
628 1944
629 694
629 972
629 1571
630 1063
630 1157
630 1162
630 1229
630 1557
630 1611
630 1830
631 860
631 1071
631 1431
631 1488
631 1517
632 797
632 1224
632 1620
633 652
633 691
633 704
633 1428
633 1492
633 1865
634 926
634 1640
635 823
635 1143
635 1589
635 1645
636 806
636 937
636 976
636 987
636 1138
636 1289
636 1411
637 698
637 1018
637 1053
637 1077
637 1300
637 1559
638 671
638 974
638 1039
638 1041
639 691
639 1365
639 1471
639 1886
640 763
640 1075
640 1248
640 1631
641 910
641 922
641 1121
641 1255
641 1404
642 1086
642 1296
642 1321
642 1323
642 1327
642 1692
642 1716
643 855
643 1373
643 1500
644 1341
645 702
645 868
645 895
645 1697
646 674
646 968
647 1946
648 761
648 1282
648 1308
648 1330
648 1762
648 1908
649 753
649 812
649 867
649 912
649 935
649 988
649 1080
649 1096
649 1313
649 1393
650 1174
650 1483
650 1690
650 1878
651 768
651 997
651 1196
651 1652
652 957
652 1205
652 1207
652 1228
652 1812
652 1950
653 1201
653 1537
654 720
654 728
654 1121
654 1403
654 1919
655 683
655 772
655 1498
655 1513
655 1852
655 1869
656 822
656 1008
656 1226
657 1286
657 1299
657 1611
657 1911
658 739
658 1122
658 1382
659 758
659 924
659 942
659 1227
659 1378
659 1860
659 1903
659 1947
660 1099
660 1321
660 1932
661 809
662 767
662 1046
662 1568
662 1651
662 1871
663 850
663 1194
663 1278
663 1674
664 855
664 905
664 1653
664 1827
664 1855
664 1904
665 1048
665 1163
665 1190
665 1717
665 1825
666 1049
666 1244
666 1377
666 1691
666 1757
666 1792
667 881
667 991
667 1273
668 1219
668 1615
669 719
669 1598
670 910
670 1247
670 1330
670 1474
670 1941
671 774
671 780
671 1316
671 1864
671 1891
672 722
672 1288
672 1327
673 1351
674 840
674 897
674 1074
674 1678
674 1942
675 989
675 1415
675 1488
675 1957
676 823
676 1246
676 1538
677 683
677 1125
677 1315
677 1423
678 765
678 1350
678 1401
678 1824
679 681
679 892
679 1157
679 1369
679 1896
680 1360
681 718
681 788
681 871
681 1121
682 1066
682 1534
682 1706
682 1841
683 687
683 833
683 1747
683 1897
683 1950
684 972
684 1427
684 1453
684 1597
684 1616
685 743
685 976
685 1149
685 1301
685 1882
686 815
686 957
686 1322
686 1328
686 1631
687 738
687 954
687 1478
687 1588
688 1121
688 1155
688 1296
688 1322
689 751
689 817
689 1316
689 1663
689 1730
689 1966
690 885
690 1170
690 1232
690 1395
691 1151
692 889
692 1126
692 1431
692 1908
693 1101
693 1246
693 1317
694 834
694 1641
694 1694
694 1917
695 816
695 1777
695 1807
696 999
696 1585
696 1954
697 962
698 1822
699 862
699 959
700 920
700 1004
701 893
701 1092
701 1109
701 1590
702 802
702 1235
702 1253
702 1941
703 1348
703 1417
703 1438
703 1896
704 769
704 1240
704 1898
704 1919
705 714
705 759
705 864
706 1132
706 1586
707 719
707 830
708 943
709 1174
709 1499
709 1525
709 1965
710 937
710 1052
711 1658
711 1864
712 989
712 1712
712 1774
713 849
713 974
713 1305
713 1546
713 1901
714 801
714 1412
714 1459
714 1799
714 1919
715 782
715 966
715 1043
715 1284
716 749
716 1145
716 1451
716 1811
717 915
717 956
717 1362
717 1492
717 1671
718 790
718 935
718 1673
718 1687
719 1381
719 1761
720 1205
720 1345
720 1372
720 1741
721 844
721 1095
721 1801
721 1842
722 776
722 921
722 1089
722 1112
722 1253
722 1609
722 1630
722 1830
723 741
723 811
723 1243
723 1443
723 1768
724 731
724 751
724 844
724 1249
724 1850
725 1092
725 1268
726 821
726 1054
726 1146
726 1885
726 1969
727 834
727 1164
727 1598
728 1421
728 1832
729 1072
730 1230
731 818
731 1027
731 1441
731 1458
731 1463
731 1647
731 1818
732 815
732 1344
732 1517
732 1652
733 802
733 1042
734 1234
734 1415
734 1522
735 919
735 1150
735 1196
735 1824
735 1964
736 1280
736 1916
737 1155
737 1212
737 1292
737 1926
738 1353
739 891
739 1093
739 1774
740 772
740 919
740 1191
740 1700
740 1707
740 1879
740 1916
740 1929
741 1229
741 1508
741 1518
741 1668
741 1786
742 878
742 1143
742 1625
744 897
744 1267
744 1317
744 1409
744 1646
745 1061
745 1364
745 1424
746 911
746 1407
746 1479
746 1496
746 1515
746 1579
746 1610
746 1944
747 786
747 1167
747 1357
747 1654
747 1894
747 1965
748 1042
748 1166
748 1472
748 1603
748 1893
749 882
749 971
749 1086
749 1146
749 1406
749 1431
749 1689
750 937
750 939
750 1204
750 1597
751 824
751 1536
751 1726
751 1764
751 1849
751 1918
752 1238
752 1243
752 1435
752 1643
753 806
753 1072
753 1285
753 1848
754 1145
754 1537
754 1802
754 1880
755 779
755 938
755 1367
755 1556
755 1788
755 1794
756 914
756 1034
756 1414
756 1925
757 1011
757 1019
757 1217
757 1301
757 1816
757 1822
758 874
758 1570
758 1589
758 1606
758 1764
759 1256
760 1809
760 1850
760 1890
761 1347
761 1479
761 1486
762 1044
762 1116
762 1581
763 1821
764 844
764 945
764 1146
764 1428
764 1797
764 1930
765 1432
765 1541
766 1155
766 1264
767 1164
767 1584
767 1832
767 1890
767 1939
768 866
768 1199
768 1453
768 1716
768 1851
768 1894
768 1923
768 1948
769 836
769 903
769 1296
769 1380
769 1424
769 1425
769 1482
770 877
770 1150
770 1283
770 1405
771 1664
771 1723
771 1947
772 978
772 1172
772 1850
772 1920
773 1190
773 1600
773 1629
775 909
775 1652
776 797
776 831
776 880
776 1497
776 1699
777 1123
777 1398
777 1697
778 1337
778 1595
778 1858
778 1938
780 876
780 1767
781 875
781 1687
782 966
782 988
782 1679
782 1832
782 1885
783 838
783 881
783 1193
783 1288
783 1825
784 833
784 1300
784 1398
784 1824
785 1383
785 1856
786 1266
786 1474
787 1184
787 1212
787 1232
788 1454
788 1931
789 1211
789 1390
790 1405
790 1502
790 1595
790 1681
790 1817
791 901
791 1321
791 1371
791 1480
791 1742
792 1427
793 839
793 986
793 1025
793 1228
793 1233
793 1250
793 1869
794 895
794 985
794 1043
794 1424
794 1781
795 1077
795 1463
795 1470
795 1477
795 1513
795 1742
796 1047
796 1065
796 1260
796 1696
797 899
797 1047
797 1160
797 1241
797 1582
797 1778
798 934
798 1598
798 1606
798 1765
799 811
799 1162
799 1252
799 1413
799 1604
800 1146
800 1309
800 1507
800 1658
800 1802
800 1802
801 1008
801 1356
801 1372
801 1531
801 1653
801 1917
802 898
802 1600
803 1748
803 1884
804 820
804 937
804 992
804 1419
804 1763
805 996
805 1399
806 1015
806 1513
807 868
807 1103
808 1062
808 1198
809 949
809 1213
810 1162
810 1359
810 1388
810 1912
811 1197
812 1254
812 1626
813 817
813 921
813 1134
813 1300
813 1311
813 1374
814 918
814 929
814 1959
815 1886
815 1887
816 895
816 1018
817 1009
817 1081
817 1283
817 1428
817 1839
818 1540
818 1617
819 894
819 1654
819 1788
819 1899
820 883
820 1134
820 1731
821 1122
821 1560
822 828
822 958
822 1303
822 1315
822 1770
823 1281
823 1404
823 1528
823 1804
823 1841
824 1142
824 1856
825 849
825 1694
826 1173
826 1771
827 1269
827 1748
827 1819
828 844
828 1303
828 1846
828 1945
829 894
829 926
829 989
829 1633
829 1643
830 1007
830 1508
830 1511
831 1142
831 1254
831 1679
832 976
832 1332
832 1564
833 1135
833 1588
834 1161
834 1175
834 1177
834 1543
834 1737
835 870
835 1687
835 1766
836 1395
836 1831
837 933
837 959
837 1164
837 1453
837 1918
838 1177
838 1294
838 1413
839 985
839 1147
839 1253
839 1944
840 855
840 1162
840 1230
841 863
841 892
841 909
841 959
842 1122
842 1142
842 1763
843 1158
843 1353
843 1427
843 1551
844 1263
844 1651
845 1051
845 1407
845 1796
846 1221
846 1503
847 863
847 981
847 1230
847 1364
848 885
848 1039
848 1841
849 1523
849 1839
850 1487
851 865
851 1026
851 1152
852 1538
852 1712
853 979
853 1177
853 1228
853 1261
854 964
854 995
854 1034
854 1306
854 1702
854 1904
855 1089
855 1430
855 1936
856 1329
856 1741
857 1059
857 1104
858 1326
858 1913
858 1932
859 1242
859 1347
860 1339
860 1356
861 1164
861 1818
861 1962
862 1286
862 1370
862 1512
863 1351
863 1543
863 1745
863 1865
864 1333
864 1424
864 1506
865 966
865 1478
865 1498
865 1744
865 1954
866 1027
866 1182
866 1926
867 919
867 1288
867 1513
867 1594
868 1901
869 1178
869 1530
870 1774
871 1134
871 1251
873 1187
873 1272
873 1288
873 1751
873 1796
873 1865
874 970
874 997
874 1053
874 1224
874 1628
874 1956
875 915
875 939
875 1229
876 1027
876 1093
876 1273
877 1217
878 1556
878 1923
879 1174
879 1218
879 1462
879 1678
881 945
881 1657
882 1703
882 1947
883 968
883 1097
883 1491
883 1613
884 1061
884 1320
884 1330
884 1918
885 1611
885 1642
886 1092
886 1381
886 1927
887 1562
888 1139
888 1449
888 1455
888 1473
888 1533
889 1360
889 1591
890 1119
890 1138
890 1560
890 1738
891 1510
891 1674
892 1835
892 1846
893 915
893 1299
893 1302
893 1370
893 1466
893 1704
893 1798
894 972
894 994
894 1512
894 1554
895 993
895 1787
896 1439
897 964
897 1677
899 982
900 921
900 1339
900 1850
901 1434
901 1465
901 1499
902 1060
902 1578
903 1698
903 1818
904 1173
904 1273
904 1366
904 1392
904 1625
905 950
906 1153
906 1442
906 1567
907 908
907 1138
908 1210
908 1331
908 1614
908 1773
909 1323
910 1037
910 1181
912 1074
912 1100
912 1437
913 1200
913 1246
913 1592
914 1307
914 1351
914 1533
914 1739
914 1775
915 974
916 1169
916 1811
916 1833
917 1218
917 1388
917 1470
917 1644
917 1913
918 1106
918 1863
919 1169
919 1370
920 1113
920 1677
921 1226
921 1295
922 929
922 1276
922 1280
922 1799
923 999
923 1314
923 1429
924 1203
924 1720
924 1741
925 1172
926 1190
926 1222
927 1123
928 1578
929 1778
930 959
930 967
930 1499
930 1773
931 1084
931 1587
931 1626
931 1881
931 1924
932 986
932 1242
932 1368
932 1881
933 1047
933 1260
933 1616
933 1834
934 1218
935 968
935 1286
935 1900
936 994
936 1752
937 1339
937 1604
938 1070
938 1609
940 1877
941 1132
941 1833
942 1592
942 1762
942 1905
943 1095
943 1226
943 1229
943 1359
943 1380
943 1970
944 1476
945 1417
946 1584
947 1294
948 961
948 1228
948 1339
949 1340
949 1529
949 1588
950 1139
950 1180
950 1549
950 1567
951 1258
951 1596
951 1785
951 1898
952 953
952 1302
952 1315
952 1542
952 1690
953 1198
954 1023
954 1675
955 971
955 1283
955 1582
956 1093
956 1424
957 1957
958 972
958 1032
958 1067
958 1090
958 1161
958 1466
958 1597
959 1186
959 1394
959 1502
959 1580
960 1492
960 1774
961 1291
962 996
962 1664
962 1679
962 1779
963 1334
963 1532
963 1600
963 1664
963 1937
964 1479
964 1804
964 1825
965 1304
966 1235
966 1348
966 1489
967 1250
967 1275
967 1725
968 1925
969 1520
970 1032
970 1430
970 1495
971 1013
972 1017
972 1146
973 1532
973 1622
973 1781
973 1781
974 1563
974 1580
975 979
975 1028
975 1504
975 1523
975 1554
976 1013
976 1349
976 1400
976 1949
977 1164
977 1173
978 1272
978 1667
978 1929
979 1536
979 1929
980 996
980 1701
980 1796
981 1257
981 1581
982 1091
982 1529
982 1529
982 1779
982 1831
982 1949
983 992
983 1400
983 1452
984 1053
984 1139
985 1306
985 1623
985 1829
986 1107
986 1589
986 1823
987 998
987 1093
988 1125
988 1420
988 1523
988 1844
989 1488
989 1581
990 1289
990 1437
991 1006
991 1030
991 1045
991 1078
991 1152
991 1154
991 1360
991 1430
991 1728
991 1807
992 1360
992 1783
993 1348
993 1541
993 1646
994 1147
994 1589
994 1798
995 1052
996 1554
997 1143
997 1247
997 1281
997 1794
998 1183
998 1728
999 1926
1000 1171
1000 1180
1000 1568
1000 1750
1000 1792
1001 1423
1001 1776
1002 1102
1002 1301
1002 1357
1002 1617
1003 1033
1003 1758
1003 1826
1003 1835
1004 1216
1005 1125
1005 1169
1005 1576
1005 1582
1006 1282
1006 1577
1006 1915
1007 1362
1007 1391
1007 1887
1009 1370
1009 1568
1009 1755
1010 1179
1010 1418
1010 1460
1010 1503
1011 1138
1012 1026
1012 1258
1013 1201
1013 1760
1014 1701
1015 1077
1015 1308
1016 1461
1017 1400
1018 1262
1018 1419
1018 1506
1018 1961
1019 1346
1019 1556
1019 1943
1020 1482
1021 1337
1021 1800
1021 1965
1022 1482
1022 1756
1023 1562
1023 1568
1024 1044
1024 1157
1024 1201
1024 1315
1024 1513
1025 1170
1025 1579
1026 1081
1026 1111
1026 1424
1027 1331
1029 1084
1029 1236
1029 1350
1029 1519
1029 1674
1029 1802
1029 1835
1030 1275
1031 1259
1031 1479
1031 1675
1033 1212
1033 1312
1033 1372
1033 1951
1034 1113
1034 1139
1034 1302
1034 1519
1034 1730
1034 1826
1034 1935
1035 1092
1035 1196
1035 1197
1035 1470
1035 1814
1036 1126
1036 1154
1036 1285
1036 1601
1036 1710
1036 1747
1037 1053
1037 1470
1037 1823
1037 1954
1038 1609
1039 1086
1039 1094
1039 1513
1039 1700
1040 1360
1040 1719
1041 1106
1041 1150
1041 1227
1041 1245
1041 1391
1043 1266
1044 1335
1044 1596
1045 1263
1045 1482
1045 1572
1045 1632
1046 1316
1046 1449
1046 1687
1047 1536
1047 1705
1048 1119
1048 1568
1049 1173
1049 1425
1049 1472
1049 1744
1050 1538
1050 1659
1050 1751
1050 1899
1051 1326
1051 1332
1051 1575
1051 1895
1052 1136
1053 1079
1053 1833
1054 1160
1054 1790
1055 1083
1055 1241
1055 1288
1055 1687
1056 1221
1056 1738
1056 1807
1056 1821
1056 1896
1057 1118
1057 1190
1057 1386
1057 1584
1058 1131
1058 1293
1058 1595
1059 1493
1059 1748
1060 1132
1060 1139
1060 1528
1060 1940
1062 1101
1062 1409
1062 1957
1063 1071
1063 1403
1063 1439
1064 1324
1064 1614
1064 1857
1065 1719
1066 1415
1066 1535
1067 1365
1067 1391
1067 1449
1067 1515
1068 1959
1069 1074
1069 1495
1069 1790
1069 1895
1070 1198
1070 1207
1070 1344
1070 1368
1070 1468
1070 1801
1071 1330
1071 1431
1071 1877
1071 1957
1073 1662
1074 1201
1075 1570
1075 1628
1075 1682
1075 1704
1076 1606
1076 1618
1076 1661
1076 1838
1077 1648
1078 1613
1079 1823
1080 1201
1080 1294
1080 1602
1080 1656
1081 1180
1082 1599
1083 1225
1083 1787
1084 1189
1084 1223
1084 1419
1084 1597
1084 1634
1084 1949
1085 1164
1085 1317
1085 1379
1085 1854
1085 1882
1086 1346
1086 1845
1087 1596
1088 1149
1088 1195
1088 1752
1089 1369
1089 1490
1089 1806
1089 1843
1090 1303
1090 1721
1091 1914
1092 1408
1092 1667
1092 1677
1093 1286
1093 1379
1093 1461
1093 1921
1093 1955
1094 1668
1094 1788
1097 1544
1097 1788
1097 1960
1098 1303
1098 1458
1098 1954
1099 1733
1100 1227
1100 1409
1100 1417
1101 1739
1101 1861
1102 1316
1102 1663
1103 1104
1104 1776
1104 1870
1105 1457
1105 1554
1105 1747
1107 1153
1107 1210
1107 1271
1107 1538
1107 1863
1108 1134
1108 1899
1109 1601
1110 1619
1110 1654
1110 1820
1111 1586
1112 1453
1113 1133
1114 1288
1114 1349
1114 1430
1115 1494
1115 1550
1115 1592
1115 1946
1116 1376
1116 1820
1117 1145
1117 1418
1117 1502
1117 1545
1117 1581
1117 1915
1118 1246
1118 1623
1118 1906
1119 1847
1120 1565
1120 1859
1120 1938
1121 1551
1122 1834
1122 1869
1123 1233
1123 1273
1123 1347
1123 1393
1123 1509
1123 1578
1123 1819
1123 1922
1124 1330
1124 1422
1124 1438
1124 1541
1124 1906
1125 1191
1125 1290
1126 1589
1126 1736
1127 1613
1127 1804
1128 1428
1128 1454
1128 1572
1129 1376
1129 1693
1129 1738
1130 1769
1131 1734
1131 1848
1131 1917
1132 1349
1132 1353
1134 1630
1135 1200
1135 1231
1135 1470
1136 1352
1136 1514
1136 1578
1138 1504
1138 1720
1138 1767
1138 1872
1138 1951
1139 1304
1139 1418
1139 1912
1140 1727
1141 1536
1141 1699
1141 1864
1141 1948
1141 1970
1142 1492
1142 1534
1142 1755
1143 1255
1144 1234
1144 1577
1144 1648
1147 1440
1147 1545
1147 1898
1147 1934
1148 1310
1148 1314
1148 1342
1148 1765
1150 1319
1151 1431
1151 1648
1152 1328
1152 1728
1153 1817
1154 1376
1154 1500
1154 1513
1156 1397
1156 1820
1157 1228
1157 1252
1157 1349
1157 1699
1159 1232
1159 1562
1160 1267
1160 1314
1161 1758
1162 1226
1164 1219
1164 1363
1164 1392
1164 1487
1164 1489
1164 1591
1165 1194
1165 1261
1165 1308
1165 1556
1166 1806
1167 1614
1167 1814
1168 1524
1169 1236
1169 1417
1169 1838
1170 1922
1171 1354
1171 1433
1171 1675
1172 1182
1172 1358
1172 1637
1172 1839
1173 1432
1173 1933
1174 1276
1174 1298
1175 1178
1175 1799
1176 1356
1176 1562
1176 1912
1177 1322
1177 1488
1177 1655
1178 1502
1179 1428
1179 1549
1181 1485
1182 1202
1183 1254
1183 1334
1183 1383
1183 1784
1184 1302
1184 1664
1184 1676
1184 1836
1185 1707
1187 1373
1187 1853
1188 1346
1188 1486
1188 1540
1188 1562
1189 1454
1189 1493
1189 1917
1190 1531
1190 1564
1190 1803
1191 1660
1192 1600
1193 1348
1194 1624
1194 1853
1195 1363
1195 1450
1195 1491
1195 1543
1195 1572
1196 1380
1196 1413
1196 1444
1196 1542
1196 1635
1196 1839
1197 1335
1197 1949
1198 1389
1198 1764
1199 1960
1200 1526
1201 1287
1202 1315
1202 1750
1202 1777
1202 1926
1203 1776
1204 1583
1204 1621
1206 1472
1206 1533
1206 1641
1206 1802
1207 1489
1208 1236
1208 1436
1208 1541
1208 1723
1208 1898
1209 1253
1209 1399
1210 1382
1213 1224
1213 1553
1213 1830
1214 1628
1214 1885
1214 1887
1214 1969
1215 1408
1215 1512
1215 1585
1216 1473
1216 1868
1216 1944
1217 1530
1217 1674
1217 1758
1217 1760
1217 1959
1218 1271
1218 1762
1218 1904
1219 1250
1219 1279
1219 1433
1220 1244
1220 1349
1220 1353
1220 1429
1220 1711
1220 1736
1220 1859
1221 1385
1221 1423
1221 1803
1223 1728
1224 1549
1224 1684
1224 1942
1225 1345
1225 1488
1225 1847
1226 1291
1226 1310
1226 1312
1226 1798
1226 1867
1227 1548
1228 1596
1228 1774
1228 1848
1229 1555
1229 1712
1230 1420
1232 1550
1232 1716
1233 1324
1233 1804
1234 1828
1235 1265
1235 1587
1235 1626
1235 1699
1235 1971
1236 1920
1238 1822
1238 1831
1239 1395
1239 1936
1240 1293
1240 1727
1240 1843
1241 1706
1242 1390
1242 1461
1242 1857
1244 1286
1245 1904
1246 1821
1248 1314
1248 1402
1248 1640
1248 1751
1248 1786
1249 1278
1249 1707
1250 1293
1250 1325
1250 1800
1252 1341
1252 1685
1253 1263
1253 1878
1255 1870
1256 1423
1256 1555
1257 1764
1257 1921
1259 1276
1259 1770
1259 1841
1259 1952
1260 1654
1260 1685
1260 1873
1261 1384
1261 1691
1263 1312
1263 1348
1263 1400
1263 1807
1264 1858
1265 1363
1265 1551
1265 1624
1265 1624
1265 1698
1265 1748
1266 1387
1266 1407
1266 1430
1271 1315
1271 1363
1271 1940
1271 1958
1272 1549
1272 1858
1273 1547
1274 1347
1274 1477
1274 1819
1274 1943
1275 1362
1275 1528
1277 1724
1277 1916
1278 1674
1278 1898
1280 1499
1281 1644
1281 1941
1282 1857
1285 1384
1285 1558
1285 1702
1287 1950
1288 1522
1288 1647
1288 1656
1289 1580
1289 1758
1290 1649
1290 1765
1290 1784
1291 1742
1291 1945
1292 1376
1292 1721
1292 1841
1292 1935
1293 1572
1294 1491
1294 1941
1295 1754
1296 1398
1296 1705
1296 1811
1297 1388
1297 1553
1297 1693
1297 1814
1298 1740
1299 1908
1300 1348
1300 1381
1300 1843
1300 1853
1303 1364
1303 1641
1304 1354
1304 1638
1305 1348
1305 1428
1305 1699
1306 1883
1307 1319
1307 1862
1308 1938
1309 1476
1309 1495
1309 1546
1309 1680
1309 1867
1310 1556
1310 1584
1310 1597
1311 1591
1311 1705
1312 1403
1312 1818
1313 1546
1315 1359
1315 1711
1315 1787
1315 1898
1315 1899
1316 1416
1316 1735
1316 1930
1317 1626
1318 1528
1318 1538
1319 1685
1321 1737
1321 1861
1322 1490
1322 1690
1323 1357
1323 1437
1323 1947
1324 1881
1326 1390
1326 1706
1326 1717
1326 1913
1327 1475
1327 1566
1328 1948
1331 1868
1332 1337
1332 1819
1332 1874
1333 1652
1333 1780
1333 1853
1334 1358
1334 1578
1334 1705
1334 1800
1334 1813
1335 1401
1336 1636
1337 1768
1340 1345
1340 1627
1340 1820
1341 1592
1343 1381
1343 1644
1343 1695
1344 1639
1345 1478
1345 1831
1346 1730
1347 1358
1348 1459
1349 1390
1349 1762
1350 1465
1350 1575
1350 1957
1352 1712
1353 1431
1354 1501
1354 1645
1354 1671
1354 1726
1355 1434
1356 1493
1357 1718
1357 1800
1358 1739
1359 1713
1361 1742
1361 1815
1362 1442
1362 1758
1362 1917
1363 1392
1363 1420
1363 1497
1363 1649
1364 1857
1365 1495
1366 1522
1366 1742
1368 1442
1368 1531
1368 1757
1369 1753
1369 1842
1370 1547
1371 1555
1371 1837
1373 1700
1374 1904
1374 1955
1375 1492
1375 1750
1375 1891
1376 1667
1377 1476
1377 1709
1377 1879
1378 1940
1379 1611
1379 1760
1380 1771
1380 1808
1380 1877
1380 1907
1380 1970
1382 1489
1382 1594
1382 1839
1382 1845
1383 1768
1383 1831
1384 1967
1385 1564
1386 1465
1386 1921
1387 1776
1388 1452
1388 1461
1388 1522
1389 1490
1389 1586
1389 1631
1390 1713
1390 1897
1391 1592
1391 1705
1391 1820
1392 1421
1392 1490
1392 1627
1392 1803
1393 1586
1393 1707
1394 1503
1394 1777
1397 1826
1399 1469
1399 1610
1400 1414
1400 1956
1402 1410
1402 1413
1402 1736
1404 1559
1404 1576
1405 1596
1405 1793
1406 1569
1406 1723
1407 1451
1407 1608
1410 1875
1412 1779
1414 1513
1414 1516
1414 1900
1416 1518
1416 1820
1416 1847
1420 1877
1423 1805
1423 1872
1424 1796
1424 1818
1425 1601
1425 1639
1427 1835
1428 1532
1429 1647
1431 1444
1432 1539
1432 1914
1433 1747
1434 1496
1434 1700
1435 1894
1436 1796
1438 1636
1438 1899
1439 1709
1439 1931
1441 1510
1441 1707
1442 1737
1442 1833
1443 1587
1443 1639
1443 1712
1443 1823
1444 1695
1444 1878
1444 1935
1445 1495
1446 1458
1446 1686
1447 1477
1447 1788
1447 1904
1448 1517
1448 1742
1448 1855
1450 1452
1450 1578
1450 1947
1451 1804
1451 1887
1452 1735
1452 1916
1453 1731
1454 1556
1455 1659
1455 1927
1456 1644
1457 1518
1457 1710
1458 1609
1459 1609
1459 1743
1459 1969
1463 1721
1463 1772
1464 1569
1464 1595
1465 1632
1465 1647
1465 1724
1465 1827
1465 1861
1467 1567
1467 1683
1467 1920
1467 1967
1468 1570
1471 1584
1471 1759
1471 1903
1472 1646
1472 1668
1472 1689
1473 1520
1473 1917
1473 1931
1475 1858
1476 1855
1476 1873
1477 1557
1479 1519
1481 1931
1482 1505
1483 1618
1485 1505
1485 1818
1486 1632
1486 1842
1487 1499
1487 1648
1487 1724
1487 1885
1488 1747
1489 1706
1489 1742
1489 1848
1490 1726
1492 1679
1493 1846
1493 1869
1493 1875
1494 1656
1497 1576
1497 1827
1498 1792
1500 1554
1500 1607
1501 1771
1501 1795
1501 1820
1504 1692
1506 1707
1506 1820
1506 1905
1508 1824
1509 1542
1509 1665
1509 1938
1509 1945
1510 1712
1510 1761
1511 1908
1513 1791
1514 1562
1514 1615
1515 1550
1515 1823
1515 1929
1518 1634
1518 1722
1519 1746
1519 1824
1520 1630
1520 1685
1520 1725
1521 1597
1521 1784
1521 1937
1522 1552
1523 1537
1525 1958
1526 1549
1527 1786
1527 1837
1527 1854
1529 1614
1529 1685
1530 1932
1531 1653
1533 1875
1533 1960
1534 1911
1535 1604
1535 1798
1535 1920
1536 1801
1536 1918
1537 1708
1538 1696
1540 1674
1540 1884
1540 1917
1542 1870
1543 1852
1544 1581
1544 1962
1545 1843
1546 1716
1547 1772
1549 1646
1549 1704
1551 1700
1552 1692
1554 1587
1554 1821
1555 1593
1556 1650
1556 1841
1556 1865
1558 1831
1560 1884
1562 1569
1564 1630
1564 1668
1564 1764
1567 1640
1567 1960
1569 1727
1569 1848
1571 1734
1571 1809
1573 1666
1573 1735
1573 1838
1573 1847
1574 1898
1575 1613
1575 1634
1575 1655
1576 1872
1577 1696
1579 1730
1579 1840
1579 1865
1580 1791
1580 1884
1581 1704
1582 1632
1583 1684
1586 1599
1588 1652
1588 1772
1588 1902
1590 1614
1590 1672
1590 1963
1591 1927
1592 1850
1593 1670
1594 1623
1596 1779
1596 1787
1596 1910
1597 1644
1599 1742
1599 1750
1600 1865
1601 1843
1603 1624
1610 1644
1610 1932
1615 1828
1616 1970
1619 1841
1620 1646
1620 1763
1620 1839
1621 1793
1625 1656
1625 1769
1631 1665
1631 1810
1633 1926
1634 1884
1634 1891
1635 1828
1636 1711
1637 1876
1640 1671
1640 1758
1642 1643
1642 1793
1642 1816
1642 1853
1643 1680
1645 1692
1645 1722
1648 1702
1648 1878
1649 1791
1650 1927
1651 1879
1652 1848
1655 1700
1655 1745
1655 1902
1655 1905
1656 1874
1657 1675
1657 1749
1657 1851
1659 1820
1660 1922
1661 1671
1661 1791
1661 1801
1661 1964
1666 1694
1666 1838
1666 1843
1667 1696
1667 1899
1668 1784
1669 1816
1670 1674
1670 1766
1670 1800
1671 1885
1672 1802
1672 1873
1672 1881
1673 1880
1674 1777
1675 1702
1675 1725
1676 1888
1676 1953
1679 1741
1679 1763
1681 1949
1682 1734
1682 1869
1685 1724
1685 1941
1688 1716
1689 1777
1689 1781
1689 1792
1689 1832
1689 1923
1690 1806
1692 1873
1695 1720
1695 1871
1700 1773
1702 1772
1702 1778
1706 1746
1713 1730
1713 1912
1713 1941
1715 1790
1718 1860
1720 1870
1722 1789
1722 1945
1727 1798
1727 1824
1728 1912
1729 1743
1729 1890
1733 1784
1736 1768
1736 1776
1738 1809
1739 1773
1742 1864
1742 1902
1742 1914
1744 1848
1744 1951
1745 1844
1745 1945
1746 1775
1747 1854
1748 1964
1750 1827
1751 1806
1751 1878
1752 1829
1752 1853
1756 1795
1757 1840
1759 1897
1761 1969
1762 1775
1766 1966
1767 1887
1770 1920
1772 1962
1774 1810
1775 1906
1778 1902
1780 1810
1780 1823
1780 1928
1782 1829
1783 1830
1784 1881
1785 1831
1785 1877
1789 1797
1789 1849
1790 1801
1793 1856
1795 1905
1797 1866
1802 1968
1808 1920
1808 1936
1809 1951
1810 1840
1810 1841
1817 1873
1822 1861
1823 1898
1825 1928
1826 1942
1826 1955
1829 1852
1833 1907
1835 1848
1837 1857
1837 1886
1837 1914
1845 1961
1857 1939
1858 1929
1859 1934
1862 1943
1864 1871
1870 1915
1875 1919
1876 1967
1877 1951
1878 1958
1882 1961
1886 1900
1887 1953
1889 1934
1891 1916
1894 1948
1894 1961
1897 1909
1906 1952
1910 1967
1915 1967
1918 1948
1918 1970
1934 1959
1937 1965
1953 1958
