1985 2262
1 811
1 1940
2 943
3 585
3 611
3 1900
4 1833
5 1083
6 241
6 1076
7 410
7 516
7 829
8 127
8 1671
9 557
9 1032
10 465
10 1034
10 1127
10 1649
11 180
11 480
11 861
12 1269
13 254
13 1878
14 936
15 1978
16 1984
17 705
17 853
18 211
18 1068
19 924
19 1520
20 1605
21 141
22 51
22 208
22 1441
22 1632
22 1771
23 327
23 709
24 553
24 751
25 178
25 340
25 771
25 1880
26 496
26 939
26 1519
27 524
27 543
27 906
28 173
28 194
28 603
29 579
29 1332
29 1676
30 58
30 315
30 998
30 1315
31 644
31 1901
32 184
32 936
33 1248
33 1851
34 439
34 817
34 1722
35 111
35 865
35 1555
36 422
37 607
37 1800
37 1936
38 469
38 1489
38 1642
39 1073
39 1560
40 649
40 1086
40 1564
40 1884
41 1872
42 470
42 980
43 250
43 445
43 464
43 476
44 368
44 565
44 1910
45 711
45 1026
45 1945
46 392
46 645
46 715
47 1286
47 1569
48 926
48 1363
49 1975
50 472
50 548
50 1655
52 284
52 488
53 128
53 941
53 1679
54 428
54 1938
55 261
55 528
55 667
55 1005
56 346
56 1062
57 1794
58 128
58 603
58 1293
59 379
59 1276
59 1380
60 1528
61 65
61 822
62 668
62 772
62 823
62 831
62 892
62 1366
63 965
63 1394
63 1552
64 100
64 1319
65 777
65 1530
65 1530
66 156
67 744
67 860
67 982
68 747
68 994
69 133
70 1158
70 1250
70 1669
71 393
71 549
72 827
72 967
73 460
73 638
73 1495
74 1333
75 957
76 134
76 910
76 1120
77 977
77 1148
78 117
78 903
79 1025
80 972
81 209
81 1217
82 214
82 1128
83 379
84 1016
85 971
85 1547
85 1822
86 194
86 886
87 952
88 440
88 827
88 1693
89 1180
89 1416
89 1798
90 136
91 898
92 1098
92 1491
92 1985
93 232
94 612
94 752
94 1142
94 1274
94 1954
95 652
95 891
96 352
96 621
96 1566
96 1842
97 1158
97 1251
97 1857
98 121
98 1022
98 1059
98 1219
99 225
100 424
100 689
101 139
101 183
102 835
102 1039
103 170
103 1509
104 822
105 519
105 1574
106 1420
106 1427
106 1545
107 311
107 1461
108 1095
108 1909
109 142
109 196
110 265
110 648
110 1821
111 1006
111 1175
112 563
112 948
113 935
113 1228
113 1821
114 1042
114 1852
115 404
115 888
115 1336
116 1361
116 1522
116 1749
116 1964
117 1800
118 360
118 512
118 1249
119 468
119 1035
119 1141
119 1834
120 530
120 920
121 1254
121 1709
121 1932
122 972
122 1263
122 1700
123 760
123 1616
124 542
124 687
125 1216
126 542
126 572
126 885
126 1509
127 358
127 1224
127 1319
128 1048
129 813
129 1717
130 246
130 1930
131 618
132 248
133 1615
133 1663
134 1738
134 1908
135 506
135 1076
136 137
136 734
136 1341
137 934
137 1593
138 153
138 334
138 1330
139 354
139 1414
139 1587
139 1605
139 1808
140 860
140 1533
140 1704
141 1459
141 1934
142 1216
143 545
144 921
144 1604
144 1630
145 1354
146 680
147 1217
148 1773
148 1951
149 1631
149 1942
150 1446
150 1983
151 618
151 1566
152 1516
152 1930
154 268
154 498
154 674
154 1195
155 1223
155 1307
155 1421
155 1432
156 355
156 1792
156 1902
157 526
157 1159
158 1335
158 1515
159 336
159 957
160 634
160 991
161 524
162 754
162 824
163 899
163 1132
163 1710
164 165
164 856
164 1651
165 1311
166 322
166 504
167 179
167 1047
168 1312
169 941
169 1391
170 289
171 1707
172 257
172 1329
173 547
173 1357
174 1314
174 1622
175 867
176 401
176 1211
177 1494
178 1256
179 338
179 860
179 1478
180 1473
181 1873
181 1894
182 851
182 901
182 1747
183 1126
184 1102
185 249
185 1451
185 1748
186 864
186 1815
186 1959
187 412
187 475
187 1102
188 1405
189 1612
190 437
190 765
190 939
191 1036
191 1713
192 1484
192 1959
193 242
193 646
193 737
193 1664
194 799
195 1365
195 1724
195 1868
196 1571
196 1733
197 305
197 1292
197 1941
198 982
199 1291
199 1606
199 1713
200 550
201 372
202 448
202 1877
203 1011
204 220
204 862
204 1241
204 1524
205 1956
206 952
206 1272
207 1542
208 928
209 685
209 1499
210 413
210 1632
211 356
212 1826
212 1850
212 1896
212 1965
213 237
213 1260
213 1397
214 1040
214 1488
214 1554
214 1780
215 377
215 449
215 749
216 1914
216 1935
217 397
217 630
217 744
217 1521
218 879
219 1010
219 1212
220 1453
221 1038
222 873
222 1851
223 489
223 707
224 669
224 1143
224 1353
225 342
225 869
226 665
226 788
226 1007
226 1032
226 1619
227 1164
227 1208
228 890
228 1292
228 1297
228 1848
229 733
229 1052
230 583
230 1356
230 1809
231 700
231 1220
231 1487
232 364
232 519
233 447
233 545
233 1446
234 248
234 1225
234 1482
234 1867
235 438
235 1395
236 1668
237 1003
238 303
239 1400
239 1443
240 960
241 758
241 802
243 1715
244 585
244 1293
244 1872
245 1377
245 1560
247 938
247 957
247 1116
248 350
248 799
248 957
248 1876
249 1710
249 1791
250 1064
250 1458
251 1069
252 1692
253 1307
253 1377
254 1185
254 1751
255 494
255 690
255 1377
256 1740
256 1961
257 428
257 894
257 1302
257 1316
257 1828
258 813
259 311
259 505
259 939
259 1657
259 1782
260 328
260 639
260 787
260 1108
260 1792
261 1152
262 1609
263 390
263 830
263 1247
263 1643
264 529
264 1480
264 1481
265 514
265 794
266 384
266 426
266 525
266 1535
266 1626
267 510
267 722
268 658
268 1850
269 351
270 760
271 1524
271 1637
272 432
272 1415
273 1071
273 1781
274 756
274 1061
275 485
275 764
276 1652
276 1934
277 452
277 949
278 1276
279 1521
280 621
280 927
281 328
281 514
282 442
282 1309
283 1826
284 1016
285 1032
286 1286
286 1577
286 1940
287 1505
288 830
289 509
289 843
289 1477
290 1392
291 1386
291 1882
292 1615
293 823
293 1249
293 1553
293 1852
294 882
295 1827
296 877
297 1363
298 526
298 1516
299 361
299 1333
299 1353
300 940
301 531
301 889
301 1494
302 1583
303 526
303 896
303 1085
303 1111
303 1342
304 429
305 1430
305 1527
305 1922
306 539
307 725
308 853
308 1421
308 1559
309 710
309 1140
310 596
310 623
310 1578
311 575
311 1130
311 1490
312 1304
312 1815
313 838
313 1001
313 1143
313 1911
314 382
314 1416
315 365
315 1227
316 1036
317 1213
317 1451
317 1833
318 1521
318 1551
318 1848
319 962
319 971
319 1095
319 1692
320 1425
321 1665
322 475
322 1174
322 1183
322 1323
323 376
324 927
324 1640
325 816
325 1739
325 1799
326 1138
327 1022
327 1135
327 1625
329 747
330 897
330 1713
331 1322
331 1647
332 879
333 626
333 1565
333 1773
334 549
334 1665
334 1702
335 755
335 1496
337 474
337 1044
339 349
339 888
339 980
340 1758
341 435
342 1966
343 1455
343 1929
344 750
344 802
344 1597
344 1717
345 461
345 647
345 836
345 1324
345 1949
346 894
346 1376
346 1537
347 360
347 1366
347 1880
347 1940
348 1149
348 1880
349 1181
351 482
351 1152
351 1351
351 1735
351 1906
352 1714
353 1119
353 1271
353 1432
354 377
354 1807
355 374
356 462
357 568
358 700
358 1327
358 1753
359 1711
360 1097
360 1504
362 687
362 728
362 1101
362 1722
362 1766
363 1200
363 1662
364 524
364 1746
365 806
365 1352
366 766
366 1719
367 942
367 1055
368 541
368 1368
369 984
369 1187
370 705
370 1137
371 676
371 1053
371 1125
371 1787
372 496
373 533
373 890
374 809
374 1337
375 430
375 1138
375 1829
376 1165
376 1185
377 389
378 1008
378 1122
378 1804
379 642
379 685
379 952
379 1301
380 1415
381 1227
383 1243
383 1280
384 1104
384 1759
385 1033
386 1789
386 1820
387 726
387 1914
388 424
388 430
388 1634
389 682
389 832
389 1439
389 1731
390 932
390 1849
391 687
392 708
392 970
393 1630
394 437
394 447
394 1539
395 1279
396 1519
397 1056
397 1262
397 1421
398 1169
398 1530
399 921
400 619
400 740
401 408
401 1552
402 985
402 1556
403 1332
403 1393
403 1716
405 641
405 986
405 1913
405 1939
406 1441
407 1618
408 1431
408 1948
409 1095
410 887
410 1125
410 1523
410 1749
411 1418
412 665
412 1269
414 873
414 1359
415 555
415 1256
416 905
416 1595
417 545
417 763
418 769
418 1298
418 1505
418 1982
419 825
419 1417
420 1129
420 1611
420 1672
420 1728
421 450
421 1041
422 645
423 1030
423 1299
424 704
424 1587
425 1307
425 1861
426 936
426 1695
427 1093
427 1429
429 1196
430 1573
431 1931
432 628
432 1275
432 1580
432 1652
433 1137
433 1147
433 1350
434 612
434 1328
435 473
435 823
435 1139
435 1233
435 1465
436 717
436 876
436 1282
436 1960
438 1962
439 1215
439 1683
441 544
441 1112
441 1177
441 1390
442 862
442 1927
443 944
443 1029
443 1243
443 1697
443 1749
444 988
444 1146
444 1310
445 591
445 1074
446 935
446 1240
447 477
447 683
448 1865
449 1830
450 1806
451 1060
451 1683
452 780
453 1443
453 1674
454 1128
455 1076
455 1157
455 1928
456 1572
456 1879
457 681
457 1832
458 482
458 729
459 1452
459 1552
460 712
460 1084
460 1118
460 1498
461 954
461 1193
461 1953
462 1418
463 803
463 1561
463 1774
463 1857
464 814
466 1091
466 1741
467 1162
467 1475
468 1031
469 1150
470 534
470 1499
470 1553
470 1636
471 487
471 558
471 1698
472 1165
474 1952
475 1083
475 1166
475 1758
476 669
476 733
476 1257
476 1529
477 1452
477 1756
478 1451
479 1936
481 822
482 1057
483 856
483 1892
483 1979
484 485
484 1198
485 515
486 1262
487 870
487 1833
488 518
488 582
488 945
488 1782
489 640
490 1765
491 856
491 945
491 1306
491 1495
491 1757
492 897
492 940
492 1228
492 1517
493 599
493 1045
493 1929
494 1800
495 587
495 1853
496 1327
497 737
497 1870
498 655
499 960
499 1082
499 1397
500 753
500 1930
501 709
501 1166
501 1557
502 1531
503 1453
503 1469
503 1962
505 1685
505 1894
505 1933
506 940
506 1879
507 1028
507 1405
508 1723
508 1822
509 1314
510 940
511 767
511 1583
513 538
513 1114
514 713
514 1605
515 672
515 1586
517 1142
517 1718
519 525
520 1035
521 1247
521 1546
521 1615
522 1145
522 1871
523 966
526 603
527 1643
527 1947
528 992
528 1144
528 1289
528 1345
530 1386
530 1525
532 1396
532 1647
532 1698
535 1027
535 1190
535 1329
536 1195
536 1554
536 1978
537 975
538 984
539 940
540 609
542 703
542 1381
543 1163
544 1203
544 1435
544 1596
545 859
545 910
546 832
547 1489
547 1729
548 1770
550 1018
550 1131
551 1199
552 1308
552 1491
553 1977
554 592
554 1308
555 649
555 1239
556 1178
557 1310
558 1570
559 582
559 625
560 1028
560 1586
561 1829
562 756
563 614
563 1352
563 1460
564 755
564 1356
564 1557
564 1783
565 736
565 779
566 1434
566 1590
566 1801
567 897
567 960
568 1473
569 1130
569 1180
570 915
570 1600
571 835
571 1296
571 1370
571 1956
573 987
573 1454
573 1544
574 1585
574 1680
574 1779
575 1023
575 1069
575 1397
576 1398
577 703
577 1818
578 1905
579 1403
579 1627
580 1883
581 1070
581 1864
582 818
582 1191
582 1907
584 1154
585 650
586 1953
587 914
587 1457
588 620
588 1600
589 813
589 1202
589 1533
589 1776
589 1815
590 663
590 1294
591 707
591 782
592 1044
592 1497
593 656
593 1249
593 1643
593 1688
594 1637
595 1222
595 1702
597 1189
597 1272
598 859
598 1128
599 1333
599 1395
600 1296
601 736
601 834
602 745
602 1793
603 833
604 726
605 728
605 1026
606 1498
607 693
607 1188
608 1558
609 973
609 1540
609 1925
610 1103
611 892
611 1255
612 1570
613 1320
613 1369
613 1518
614 694
614 1973
615 1918
616 1091
616 1972
616 1976
617 1098
617 1298
618 1666
618 1769
619 705
619 725
620 1507
620 1690
620 1819
621 1776
622 746
622 1771
622 1971
623 1180
623 1592
624 696
624 1115
624 1951
625 849
626 1081
627 781
627 933
627 956
629 1047
631 808
632 1591
633 1396
634 810
635 920
635 1462
636 1490
636 1590
637 834
639 1734
639 1909
640 642
641 1158
642 840
643 901
643 1274
644 1741
645 1312
645 1966
646 1349
646 1821
647 1674
648 857
650 1224
651 919
651 1492
652 1044
652 1493
652 1534
653 932
653 1430
654 1926
655 842
655 1680
656 924
656 955
656 1807
656 1834
657 1456
657 1663
658 693
658 731
658 1483
659 1723
660 831
661 1078
661 1090
661 1126
661 1544
662 1129
662 1656
662 1835
663 1103
664 1083
665 1803
666 896
666 1848
667 893
668 1233
669 1057
669 1828
670 1199
670 1725
671 1171
673 729
674 1860
675 912
675 1346
675 1641
675 1799
676 1939
677 1734
677 1957
677 1972
678 867
678 1209
678 1569
679 784
679 798
680 854
680 1295
680 1706
681 855
681 1022
681 1783
683 723
684 1600
684 1775
686 867
686 1614
688 891
689 1457
689 1549
691 1499
692 1921
693 1030
693 1253
693 1305
694 1950
695 1070
695 1216
695 1818
697 1851
698 1333
699 798
699 1716
699 1865
699 1882
700 1428
700 1512
701 702
701 1827
702 1444
702 1779
703 814
703 1198
704 1198
704 1276
704 1401
705 1094
705 1428
706 773
706 1217
707 710
708 1184
708 1367
711 1409
711 1896
712 1629
713 989
714 1094
714 1542
714 1736
715 879
716 1313
716 1472
716 1721
717 1294
717 1600
718 766
718 1523
718 1621
719 1345
719 1980
720 1750
720 1959
721 796
722 1098
722 1186
722 1203
723 1857
724 827
724 920
724 1710
725 1052
725 1204
726 1284
727 1063
727 1707
728 967
728 1238
729 1197
729 1457
730 1211
731 1805
731 1984
732 1902
733 1371
734 1406
735 761
735 1694
736 1907
737 1094
738 775
738 1272
738 1426
739 859
741 997
742 1114
742 1131
743 1522
743 1660
744 850
744 996
744 1064
745 1835
747 904
748 1230
748 1237
748 1591
749 1385
749 1532
749 1677
750 1708
751 1768
751 1898
752 1303
752 1421
752 1754
753 1893
753 1951
754 1955
755 1814
755 1840
756 929
757 1360
757 1614
758 898
758 1603
759 803
762 1676
762 1883
762 1972
762 1977
763 1709
763 1912
764 976
764 1637
766 852
766 1661
767 1623
768 1972
769 1211
770 1443
771 1433
773 1904
774 803
775 848
776 901
776 1502
777 1220
777 1373
778 1322
778 1450
778 1561
780 1489
781 937
781 997
781 1680
783 1956
784 1283
784 1859
785 1732
786 1130
786 1753
787 1171
788 892
789 998
789 1668
790 1102
790 1221
791 1171
791 1389
792 1581
793 1910
795 825
795 1478
796 962
796 1765
797 805
797 1856
797 1922
798 1113
800 923
800 1844
800 1886
801 1576
801 1925
803 1135
803 1261
803 1706
804 1015
804 1837
805 821
806 1369
806 1820
807 1284
808 1069
810 959
812 1405
813 1142
813 1490
814 1760
815 979
815 1056
816 1156
817 1817
818 1354
818 1439
819 1447
819 1494
819 1604
820 936
820 1608
822 1484
822 1568
825 982
826 893
826 1231
828 879
828 1100
828 1169
829 1476
829 1644
829 1811
829 1905
830 922
830 1700
833 882
833 1678
836 1601
837 1438
837 1539
838 880
838 1199
839 928
839 1577
840 1260
841 901
841 1344
841 1564
843 1015
843 1028
843 1242
843 1711
844 872
844 1216
844 1455
845 1757
846 1084
846 1633
847 1495
848 917
848 968
848 1739
849 1212
852 1886
854 1775
855 1167
857 997
857 1315
857 1378
858 972
860 1322
861 895
861 1842
862 1952
863 1903
865 1422
866 1341
866 1494
866 1895
867 1096
867 1620
868 1379
868 1822
870 999
870 1047
870 1687
871 907
871 1526
871 1750
872 1093
874 1955
875 1176
877 1494
877 1506
877 1788
878 1967
879 1473
879 1686
881 1453
883 1321
883 1804
883 1907
884 1651
885 916
887 1737
889 1891
890 1912
892 1720
893 1386
897 1008
897 1064
897 1455
898 1241
898 1702
899 1742
900 1313
901 1128
902 1916
904 1052
906 1467
906 1883
908 1244
909 1067
910 1456
911 1350
911 1438
911 1543
913 1666
913 1961
914 1622
915 1866
916 1261
918 1108
918 1121
918 1746
919 1331
920 961
920 1092
920 1293
920 1926
923 933
923 1016
923 1325
925 1003
925 1721
926 1084
928 1310
928 1606
929 1051
930 1270
930 1352
931 1290
933 1974
938 1766
939 1154
939 1868
941 1202
942 1500
942 1870
943 1348
943 1706
944 1146
945 1002
945 1408
946 1320
946 1909
947 1532
948 1209
949 1178
949 1475
950 1966
951 1120
952 1667
952 1735
953 1024
953 1238
953 1267
954 1369
954 1646
955 1715
956 1843
957 1246
958 1110
958 1484
959 1904
960 1091
960 1312
960 1975
961 974
961 1179
963 1176
964 988
966 1801
966 1881
969 1479
969 1684
972 1000
972 1387
972 1435
972 1608
972 1692
972 1795
973 1444
973 1562
974 1824
975 1815
976 1495
976 1799
978 1810
980 1803
981 1272
981 1334
982 1745
983 1006
983 1832
984 1285
984 1653
984 1701
986 1808
988 1276
989 1673
990 1107
990 1168
990 1871
991 1588
992 1607
993 1072
993 1392
993 1778
995 1699
995 1962
999 1033
1000 1654
1001 1080
1001 1206
1001 1650
1001 1653
1003 1265
1004 1025
1004 1985
1006 1672
1006 1707
1007 1318
1007 1616
1009 1110
1009 1367
1009 1387
1011 1446
1011 1486
1012 1043
1012 1977
1013 1550
1014 1160
1014 1317
1015 1054
1015 1067
1015 1558
1016 1918
1017 1204
1019 1757
1020 1592
1020 1829
1021 1609
1021 1869
1022 1343
1023 1150
1024 1163
1024 1290
1024 1692
1026 1448
1028 1146
1028 1909
1032 1268
1033 1164
1036 1201
1037 1436
1038 1827
1039 1214
1040 1563
1040 1721
1041 1835
1042 1110
1043 1404
1046 1315
1047 1323
1047 1694
1049 1687
1049 1931
1050 1371
1051 1106
1053 1594
1054 1798
1055 1411
1055 1969
1058 1761
1059 1816
1060 1397
1060 1682
1062 1672
1064 1329
1064 1628
1065 1122
1065 1210
1066 1436
1066 1589
1067 1618
1068 1747
1068 1845
1070 1122
1071 1196
1072 1409
1075 1811
1076 1859
1077 1547
1079 1471
1081 1472
1083 1237
1084 1574
1085 1532
1086 1366
1087 1723
1088 1485
1088 1956
1089 1612
1089 1753
1091 1288
1092 1761
1094 1111
1094 1277
1095 1753
1095 1935
1099 1929
1101 1123
1103 1274
1105 1864
1105 1937
1106 1360
1106 1595
1106 1596
1106 1861
1107 1113
1109 1240
1110 1153
1111 1640
1117 1407
1117 1813
1119 1731
1120 1818
1122 1209
1122 1217
1122 1575
1122 1632
1124 1552
1125 1735
1125 1928
1126 1535
1127 1838
1128 1375
1131 1899
1132 1401
1133 1654
1134 1482
1136 1640
1136 1810
1137 1853
1140 1547
1143 1866
1143 1910
1145 1342
1148 1194
1148 1340
1150 1517
1151 1720
1151 1761
1155 1338
1155 1691
1155 1793
1155 1841
1156 1259
1158 1675
1159 1492
1160 1206
1161 1403
1163 1536
1163 1659
1165 1339
1168 1300
1169 1963
1170 1956
1172 1501
1173 1738
1174 1576
1175 1372
1175 1869
1176 1437
1178 1675
1178 1698
1179 1690
1180 1887
1181 1402
1182 1955
1187 1825
1187 1884
1189 1899
1192 1194
1192 1450
1195 1307
1202 1346
1203 1508
1204 1289
1204 1391
1204 1854
1205 1729
1207 1277
1207 1564
1208 1318
1208 1410
1208 1562
1209 1726
1212 1267
1213 1316
1213 1451
1216 1222
1216 1261
1216 1871
1216 1920
1217 1300
1218 1856
1224 1338
1226 1496
1229 1440
1232 1386
1232 1533
1234 1337
1235 1911
1236 1501
1239 1464
1240 1520
1244 1912
1245 1400
1245 1732
1247 1279
1248 1556
1248 1956
1249 1567
1249 1937
1251 1808
1252 1641
1253 1337
1254 1501
1255 1624
1256 1440
1256 1803
1256 1823
1257 1656
1258 1823
1259 1391
1259 1438
1261 1665
1264 1291
1264 1299
1264 1729
1265 1385
1266 1560
1266 1813
1270 1639
1271 1397
1273 1319
1274 1944
1275 1802
1276 1382
1278 1289
1281 1493
1287 1441
1287 1613
1290 1593
1293 1459
1294 1475
1295 1580
1296 1617
1297 1515
1297 1967
1299 1858
1300 1645
1301 1440
1301 1732
1301 1927
1308 1722
1309 1835
1311 1503
1311 1578
1315 1863
1317 1382
1318 1582
1325 1552
1326 1362
1326 1947
1327 1866
1329 1368
1333 1483
1335 1848
1336 1771
1336 1777
1338 1844
1340 1955
1341 1589
1343 1963
1344 1398
1345 1838
1347 1802
1349 1831
1352 1922
1354 1398
1355 1867
1357 1636
1358 1682
1359 1659
1361 1691
1363 1792
1364 1911
1365 1599
1366 1532
1371 1970
1372 1602
1373 1638
1374 1385
1377 1645
1380 1396
1380 1481
1383 1804
1384 1442
1384 1797
1386 1583
1388 1912
1389 1390
1392 1931
1393 1705
1393 1913
1398 1916
1399 1889
1401 1471
1401 1728
1402 1623
1402 1911
1403 1903
1406 1489
1412 1704
1413 1878
1417 1647
1419 1571
1421 1727
1422 1949
1423 1507
1424 1635
1425 1555
1427 1514
1427 1940
1428 1468
1431 1772
1432 1528
1435 1725
1437 1503
1438 1584
1440 1523
1443 1572
1445 1503
1446 1657
1447 1818
1448 1833
1449 1453
1449 1757
1449 1767
1452 1691
1456 1755
1460 1723
1461 1913
1463 1765
1463 1847
1466 1531
1466 1586
1466 1636
1470 1692
1470 1812
1474 1952
1476 1897
1479 1814
1479 1950
1481 1620
1482 1540
1483 1638
1484 1811
1485 1703
1485 1862
1486 1681
1486 1904
1487 1969
1491 1557
1491 1836
1492 1907
1493 1556
1494 1921
1496 1711
1497 1538
1497 1584
1502 1629
1504 1648
1505 1899
1507 1755
1510 1513
1511 1863
1513 1576
1513 1934
1514 1566
1514 1670
1516 1936
1520 1893
1525 1781
1528 1679
1529 1710
1538 1634
1541 1949
1543 1579
1545 1584
1545 1793
1546 1737
1546 1968
1547 1638
1548 1728
1550 1646
1552 1589
1553 1599
1553 1888
1557 1612
1561 1677
1562 1688
1565 1635
1568 1761
1570 1764
1573 1757
1575 1752
1581 1777
1582 1810
1587 1802
1588 1591
1591 1793
1598 1711
1601 1696
1601 1920
1602 1924
1603 1780
1609 1787
1610 1707
1611 1963
1612 1776
1613 1852
1615 1749
1626 1941
1627 1885
1628 1923
1631 1732
1633 1662
1634 1744
1636 1762
1642 1955
1651 1833
1653 1796
1656 1738
1658 1793
1662 1780
1662 1898
1665 1952
1673 1745
1674 1964
1679 1962
1689 1762
1690 1851
1699 1934
1700 1881
1703 1982
1707 1748
1710 1949
1712 1781
1716 1857
1727 1796
1730 1740
1730 1812
1730 1836
1739 1816
1743 1937
1753 1788
1755 1917
1757 1844
1758 1981
1763 1915
1769 1846
1770 1837
1772 1878
1773 1889
1776 1915
1784 1856
1785 1839
1785 1968
1786 1935
1790 1889
1793 1794
1797 1984
1802 1984
1803 1840
1804 1853
1810 1817
1824 1919
1825 1957
1833 1915
1847 1934
1855 1959
1862 1923
1869 1875
1874 1924
1890 1919
1892 1895
1894 1983
1899 1943
1919 1980
1941 1958
1946 1965
