15
17 2 3 6 10 7 11 5 12 16 2 10 2 10 1 
17
17 3 17 7 13 5 7 1 3 11 3 9 7 20 5 6 4 
18
18 17 1 5 6 17 9 4 2 7 17 19 21 12 12 16 5 19 
15
11 15 9 18 9 16 6 15 9 10 18 14 9 16 14 
18
19 12 10 12 6 12 10 6 16 6 2 3 15 6 5 15 13 7 
16
12 6 5 15 6 10 16 7 13 18 1 6 7 11 2 4 
10
12 6 4 4 9 10 7 2 7 2 
20
11 11 21 21 8 11 17 15 17 23 6 24 5 4 4 3 4 16 18 3 
18
14 15 17 13 15 15 6 6 12 6 7 16 7 5 14 1 11 3 
12
3 7 8 6 6 11 3 5 14 11 1 9 
11
7 2 6 8 7 2 2 1 5 10 13 
13
2 5 15 15 9 14 6 7 6 6 8 3 15 
11
6 9 8 1 10 8 7 10 1 8 2 
18
6 18 16 4 6 1 7 6 21 11 12 17 6 9 2 4 21 20 
18
17 20 10 21 4 1 15 16 4 4 16 19 18 10 20 10 10 11 
12
13 2 12 4 7 7 7 13 10 6 12 7 
14
3 2 3 4 16 4 4 13 3 10 14 11 8 6 
12
4 13 14 7 5 1 6 9 12 3 10 7 
11
12 11 10 9 8 7 6 5 4 3 2 
12
1 2 3 4 5 6 7 8 9 10 11 12 
0
