97
49 57 11 66 53 89 34 22 38 5 41 31 6 17 39 15 75 103 57 30 48 34 78 108 107 21 75 10 88 114 20 43 5 38 36 25 71 45 62 30 82 77 36 32 77 12 101 89 24 7 37 86 101 114 44 22 52 88 60 106 66 93 22 96 48 79 75 80 78 93 10 49 42 31 93 68 93 46 49 74 32 2 26 35 90 97 63 15 30 101 10 84 86 62 99 20 75 
91
59 33 88 53 5 100 23 58 53 100 102 31 99 37 95 95 105 108 7 26 37 71 107 91 84 9 81 17 42 30 18 44 107 3 22 96 48 69 61 36 90 22 68 71 63 108 14 39 35 3 80 40 56 47 99 14 1 33 50 83 26 38 2 52 86 65 12 104 86 63 99 68 32 98 84 37 26 59 69 11 93 39 29 109 14 47 31 92 47 65 11 
96
69 36 87 91 28 113 30 2 85 90 12 43 53 25 13 111 79 88 46 8 75 2 75 112 80 10 65 69 13 87 22 78 77 48 4 53 5 39 108 16 29 1 29 106 93 107 106 46 78 111 90 96 69 62 57 102 5 29 82 40 16 108 6 81 42 48 49 8 21 66 95 62 62 105 24 34 61 85 32 9 10 92 92 36 43 52 71 10 72 60 96 70 94 48 73 45 
95
15 78 3 73 37 14 105 53 67 21 66 15 47 9 68 113 11 85 97 87 86 102 1 102 34 73 42 6 100 33 18 105 52 46 68 7 89 47 72 63 50 6 74 98 12 46 2 100 35 70 1 44 66 21 1 33 1 49 101 29 71 74 32 96 93 103 96 5 100 57 11 12 99 68 28 51 13 29 66 7 10 33 107 42 80 53 100 82 45 29 89 46 38 15 60 
92
53 65 86 104 71 46 37 98 95 71 10 29 87 74 47 47 88 10 37 66 91 57 85 19 47 86 4 92 83 80 91 58 60 100 49 93 29 99 41 78 83 97 76 63 89 21 8 20 49 103 97 64 82 49 79 100 43 45 18 26 37 91 4 47 26 66 33 29 42 12 69 37 110 102 59 15 3 60 72 43 99 44 69 29 77 71 33 4 64 88 34 85 
96
48 31 19 114 26 98 7 45 87 73 16 15 37 49 57 10 25 25 46 21 71 83 74 74 29 11 93 98 115 112 21 61 57 108 48 26 53 60 78 31 64 19 101 79 24 105 113 10 22 31 2 3 10 46 59 55 34 27 68 103 93 9 71 26 43 84 83 14 88 78 43 18 74 11 51 115 70 16 21 33 75 84 111 34 8 38 59 16 106 25 55 91 83 34 27 4 
90
31 47 56 56 66 63 66 96 75 69 15 89 41 51 91 31 30 27 77 75 87 74 104 85 45 75 95 53 86 44 50 105 2 65 38 87 70 63 72 39 28 71 5 40 108 2 92 11 26 35 76 51 14 67 95 11 21 68 35 101 52 17 1 25 38 53 64 38 33 59 107 26 21 81 53 31 40 23 91 72 93 57 31 70 91 75 56 61 80 18 
90
54 35 72 71 74 88 84 30 27 34 54 95 5 65 71 35 36 56 86 30 104 4 14 102 93 59 88 30 72 96 99 67 61 12 88 65 106 79 53 57 28 79 21 89 25 66 55 48 30 86 86 12 9 58 18 66 102 102 99 53 22 67 78 70 8 100 62 66 96 73 9 32 35 74 23 68 16 78 42 64 76 4 11 98 9 9 92 94 42 88 
99
34 88 111 23 109 72 54 56 58 75 118 88 65 88 114 69 74 2 92 27 91 58 45 4 93 15 71 37 15 9 26 9 72 111 115 48 71 51 75 31 106 65 92 21 112 76 99 31 84 35 86 30 115 115 113 49 59 9 30 86 71 24 82 84 109 75 94 29 39 28 30 39 37 95 34 72 12 21 79 80 9 111 82 33 73 23 102 90 53 33 29 92 14 111 102 46 72 90 71 
97
5 103 88 29 95 51 53 26 2 49 16 57 57 86 85 43 52 86 69 21 70 85 93 70 86 50 27 115 18 99 5 19 8 88 81 35 32 91 28 79 31 76 13 85 83 70 16 97 27 42 44 7 72 107 18 53 107 109 27 28 85 42 71 80 53 81 11 66 49 85 60 30 20 82 37 85 90 70 44 37 100 99 83 74 105 79 20 27 53 60 89 73 74 108 38 79 44 
99
3 47 107 3 77 114 5 25 32 31 42 116 50 102 87 87 113 54 6 113 28 65 41 66 73 107 28 87 13 50 94 44 43 45 107 77 45 114 104 8 70 58 86 106 41 29 111 100 8 23 56 73 70 31 32 50 75 59 39 82 25 113 50 34 47 97 111 63 4 103 64 39 15 80 82 32 16 63 35 49 45 10 44 79 112 83 51 100 2 56 11 93 72 3 110 104 80 51 48 
91
84 23 39 82 59 72 33 50 20 17 33 5 32 29 95 1 91 24 32 87 22 13 105 106 91 66 92 72 12 45 68 78 87 61 41 71 15 22 45 54 93 40 1 30 91 52 37 40 55 32 58 48 84 109 78 14 31 8 13 84 36 74 68 99 69 57 52 68 18 3 72 28 55 5 33 49 49 73 66 81 41 3 79 25 23 57 60 83 95 82 59 
90
46 13 72 81 66 12 74 43 85 88 43 18 108 26 76 41 36 95 4 105 59 77 68 24 22 89 58 106 42 71 64 20 94 40 87 79 93 76 73 53 56 20 84 79 58 70 32 94 2 46 76 61 108 19 80 83 40 14 25 93 103 46 26 75 79 26 38 68 18 83 17 99 38 84 15 27 51 102 34 89 16 43 80 56 87 16 25 73 39 19 
94
93 11 34 6 100 29 88 32 30 36 91 93 68 30 68 67 99 8 103 50 109 7 26 58 33 87 71 94 71 98 111 72 32 52 2 76 77 76 93 17 15 37 51 93 31 37 111 96 112 86 40 53 49 67 6 100 71 21 52 59 27 112 23 79 64 39 78 93 87 87 75 21 86 99 33 26 70 91 45 3 92 66 90 54 75 112 16 69 88 70 77 89 78 112 
93
80 10 111 66 96 83 21 80 92 110 77 57 87 64 96 44 9 44 105 64 80 21 103 60 3 46 23 71 61 22 42 69 5 106 108 73 35 37 72 75 42 7 29 19 104 33 96 98 27 12 63 65 82 105 61 79 98 105 55 70 88 11 111 87 96 9 105 101 7 1 23 104 61 49 60 103 74 76 8 7 43 12 110 7 8 1 29 32 82 16 80 85 110 
95
6 100 4 42 109 82 113 43 1 52 83 72 14 102 109 80 81 6 33 83 60 71 52 9 2 106 13 68 56 39 27 108 70 14 3 46 23 4 37 15 79 36 52 59 63 65 101 52 61 104 68 28 78 94 93 33 35 30 41 67 53 36 34 95 104 111 6 96 85 8 92 36 63 3 48 44 34 60 76 44 114 36 68 11 66 75 104 93 113 13 6 6 20 6 64 
97
13 50 112 26 6 86 103 41 111 44 86 111 21 102 102 92 32 108 42 18 51 51 89 58 25 68 15 80 57 110 82 48 1 98 42 38 21 63 66 116 45 7 9 50 93 113 113 59 32 27 63 67 59 17 64 44 37 78 11 37 11 35 66 111 16 38 33 50 19 73 40 16 11 67 40 100 116 78 65 86 67 81 58 68 90 104 82 24 105 30 2 72 80 94 15 74 90 
95
97 40 3 9 51 63 77 110 19 29 106 110 66 47 11 30 8 39 57 96 6 114 108 69 28 96 52 2 73 40 84 42 52 22 9 52 44 3 53 88 20 63 102 24 74 20 30 33 19 110 18 100 44 40 12 114 62 43 14 41 84 2 46 5 53 35 39 17 44 84 21 48 95 74 98 10 91 1 70 9 41 50 70 92 95 23 83 99 47 99 108 54 16 14 68 
94
57 43 102 49 73 6 3 15 86 46 60 36 21 86 37 104 1 77 33 14 32 32 26 57 23 94 35 17 32 13 77 87 74 43 7 102 2 71 42 26 97 33 19 86 70 32 2 112 22 18 67 111 49 89 10 56 22 84 69 101 74 27 109 40 5 96 93 31 29 82 21 8 40 35 33 70 43 44 102 100 104 80 29 74 104 95 36 30 5 28 96 76 28 80 
96
99 5 68 98 82 69 9 27 56 46 24 24 114 48 30 12 33 2 106 16 83 86 2 9 46 75 27 84 40 2 94 36 79 85 101 33 77 4 46 10 114 48 42 52 7 68 67 80 96 33 7 3 5 79 86 83 6 112 106 53 77 50 95 64 81 58 104 14 34 64 22 35 114 61 105 84 25 91 48 101 58 11 57 5 76 23 15 45 21 77 115 67 101 110 78 101 
94
77 74 103 81 18 37 52 109 66 7 112 25 44 46 11 8 23 54 51 24 86 73 16 106 106 95 31 33 57 44 45 24 46 91 40 104 1 21 112 90 89 103 51 43 62 50 41 62 36 100 93 38 69 88 13 99 94 57 20 76 13 13 38 47 105 112 92 53 2 78 1 25 75 69 59 74 5 9 94 63 94 42 13 59 74 36 35 34 16 102 98 10 89 5 
93
111 38 40 11 79 34 92 89 36 20 83 63 90 8 7 99 41 93 71 47 12 40 48 33 30 23 66 37 3 87 13 102 20 102 34 96 33 55 17 59 52 28 54 88 93 30 90 80 50 4 81 90 1 10 6 30 34 31 21 110 19 69 59 47 7 52 1 17 82 83 46 43 11 6 90 101 73 82 40 59 99 14 87 47 102 15 46 73 43 75 11 94 92 
97
74 9 37 20 36 110 64 47 75 7 44 108 70 38 23 113 113 2 17 56 34 47 108 115 35 63 96 69 27 109 52 73 10 83 77 81 45 69 47 7 45 24 115 55 78 23 64 10 115 77 44 109 44 7 68 28 49 61 42 28 69 116 3 75 13 17 89 100 102 76 19 27 8 1 115 113 89 79 7 75 89 15 107 107 3 31 9 80 31 48 50 63 90 97 8 29 39 
91
35 33 1 44 34 92 86 78 69 48 48 37 91 62 8 96 27 66 45 105 99 85 108 85 109 71 96 103 68 11 43 100 47 11 31 44 76 83 33 92 51 94 67 87 63 7 8 108 42 52 58 92 104 59 50 19 36 26 95 90 75 50 68 52 18 58 50 7 89 93 75 17 25 18 90 56 68 24 98 75 27 17 78 105 77 49 78 60 102 37 39 
95
24 52 84 69 61 68 95 20 106 60 90 101 27 114 105 77 93 64 9 71 52 22 86 103 101 22 6 70 73 75 16 13 32 5 12 5 101 57 97 100 94 53 73 97 73 87 96 65 61 68 102 35 16 51 85 91 35 101 92 1 9 50 21 51 110 97 71 11 54 56 106 3 98 54 16 65 77 3 33 33 18 75 70 92 112 29 7 102 37 36 3 94 8 80 48 
100
11 85 72 38 53 73 32 35 101 45 79 102 8 52 20 31 109 98 5 43 30 110 60 41 32 112 63 91 65 62 63 55 74 101 67 78 70 14 46 76 66 87 110 26 68 84 103 81 73 14 7 16 1 75 91 103 110 109 10 92 62 87 96 118 20 86 46 57 118 53 80 50 82 19 95 107 58 64 96 16 43 6 20 59 104 21 57 53 36 89 50 22 56 16 51 95 25 79 15 14 
91
93 103 107 96 37 63 42 39 23 37 53 48 72 43 109 63 14 87 77 71 22 43 106 3 63 52 67 60 49 87 8 76 63 30 45 26 15 7 46 61 46 36 86 9 82 100 61 14 99 64 52 30 46 47 41 55 56 7 98 75 31 2 48 7 54 37 35 20 74 54 103 86 109 76 56 102 90 93 34 34 102 46 72 23 68 44 65 96 94 105 47 
90
79 43 12 42 19 39 9 3 70 64 26 71 13 32 80 9 96 55 48 3 45 13 96 98 17 105 79 103 23 60 43 29 62 25 53 24 59 1 9 87 66 102 67 13 9 56 20 44 25 72 29 100 6 100 25 47 77 66 9 97 72 33 85 74 76 70 69 89 74 67 101 7 88 69 64 73 5 13 31 30 31 35 97 60 16 79 78 97 23 105 
100
101 100 99 98 97 96 95 94 93 92 91 90 89 88 87 86 85 84 83 82 81 80 79 78 77 76 75 74 73 72 71 70 69 68 67 66 65 64 63 62 61 60 59 58 57 56 55 54 53 52 51 50 49 48 47 46 45 44 43 42 41 40 39 38 37 36 35 34 33 32 31 30 29 28 27 26 25 24 23 22 21 20 19 18 17 16 15 14 13 12 11 10 9 8 7 6 5 4 3 2 
90
1 2 3 4 5 6 7 8 9 10 11 12 13 14 15 16 17 18 19 20 21 22 23 24 25 26 27 28 29 30 31 32 33 34 35 36 37 38 39 40 41 42 43 44 45 46 47 48 49 50 51 52 53 54 55 56 57 58 59 60 61 62 63 64 65 66 67 68 69 70 71 72 73 74 75 76 77 78 79 80 81 82 83 84 85 86 87 88 89 90 
0
