94
8 78 106 51 14 43 90 21 110 57 40 56 65 63 74 72 80 31 26 69 78 8 60 7 51 11 63 95 24 60 97 96 26 76 88 78 25 21 31 22 96 101 109 62 58 78 93 46 82 109 105 63 91 10 87 35 34 95 25 70 33 29 16 83 38 107 49 10 3 65 107 80 86 100 71 23 92 98 49 80 34 48 54 30 76 2 30 29 89 60 12 51 7 22 
96
81 21 46 45 2 114 50 47 96 68 76 82 4 102 113 98 95 34 70 37 46 60 102 15 98 113 33 87 76 29 60 21 63 31 19 45 55 105 19 95 71 29 111 77 76 112 65 102 96 48 100 32 110 61 37 33 98 42 42 110 2 86 99 51 50 7 69 46 85 76 95 29 41 66 89 61 27 37 62 96 29 81 51 100 53 70 42 115 48 19 68 81 71 62 71 28 
99
108 31 29 35 24 73 41 5 68 96 73 65 85 112 20 83 53 104 29 66 115 102 16 31 17 30 77 42 74 44 46 78 20 50 77 90 5 105 33 80 49 105 83 74 62 89 84 58 96 38 85 22 9 87 100 13 15 95 29 34 49 14 110 30 30 36 101 103 12 70 115 6 7 105 49 44 23 106 9 69 100 93 18 20 42 72 27 113 103 72 79 95 91 38 77 79 110 23 20 
100
15 84 12 75 100 12 36 37 73 117 43 104 56 21 43 117 78 29 3 118 111 22 83 102 108 87 20 34 68 3 118 89 26 103 60 16 51 10 43 80 3 80 115 36 1 56 93 118 7 20 46 2 6 48 106 77 114 31 77 87 90 75 22 103 4 36 21 101 54 115 110 78 55 95 78 99 111 120 13 36 4 106 85 99 118 115 18 91 86 104 67 67 59 69 120 109 84 29 68 69 
100
9 101 46 4 11 82 94 107 86 92 21 11 70 16 114 70 78 51 55 54 98 63 38 93 81 30 76 52 8 84 61 64 75 25 32 33 52 95 12 53 33 10 91 37 106 62 30 62 104 93 2 99 52 72 33 73 47 109 59 91 53 19 23 95 32 114 53 120 82 46 22 110 107 54 118 91 52 23 8 14 90 23 58 94 48 39 99 79 102 96 3 73 118 113 82 2 57 31 116 16 
97
87 46 56 86 84 88 55 41 9 75 63 52 1 105 85 32 39 113 72 51 88 99 106 82 47 86 73 98 113 1 57 88 49 34 24 111 65 91 19 89 101 35 55 54 12 115 54 20 45 29 14 110 96 35 102 4 53 60 113 87 47 36 75 113 37 98 63 18 69 27 41 32 94 8 83 96 80 54 51 6 53 101 3 19 26 47 109 41 38 51 44 99 70 90 71 62 98 
100
108 11 111 98 23 105 82 107 80 81 84 12 58 37 114 116 30 30 115 92 63 37 54 28 15 35 66 86 91 104 89 46 26 41 108 50 108 69 21 63 120 75 33 101 38 44 28 67 78 118 34 37 33 28 11 69 71 120 30 97 72 34 25 108 95 30 8 102 115 73 4 104 96 44 110 35 119 36 100 57 1 104 19 47 49 117 103 24 10 48 62 77 118 106 19 84 50 64 10 55 
92
23 101 87 85 108 62 74 56 51 22 108 72 77 80 18 84 102 30 1 92 11 50 92 36 30 33 102 90 96 86 102 66 91 43 73 74 39 106 45 23 39 70 39 63 44 8 48 109 3 59 20 87 59 87 6 80 35 84 51 21 72 5 33 63 47 57 38 30 16 5 99 11 27 30 103 20 56 80 89 108 73 97 41 49 92 100 27 82 107 22 110 16 
96
85 101 56 35 57 44 109 42 9 57 59 52 7 32 36 81 111 100 107 83 105 95 83 114 97 37 24 24 57 96 30 19 73 69 92 35 72 55 32 31 103 28 102 44 77 33 99 29 53 42 12 56 104 62 43 95 109 30 61 23 82 38 70 57 101 49 108 104 84 13 28 87 31 64 66 94 14 60 115 3 92 72 112 23 65 87 86 35 102 20 93 7 36 58 98 64 
91
106 9 32 13 89 80 3 30 3 66 77 19 52 39 27 95 72 65 78 31 100 32 85 23 21 24 40 67 43 19 85 16 40 109 98 4 84 12 41 38 73 103 23 103 52 30 98 10 75 106 28 24 49 90 71 61 48 88 103 66 29 12 45 97 14 61 89 86 2 98 105 37 53 19 7 99 34 14 53 75 26 79 74 79 60 54 36 70 50 51 35 
91
12 86 7 97 1 46 95 31 44 41 65 101 69 109 43 94 6 97 50 15 56 88 98 12 73 59 70 86 83 32 68 87 57 26 62 94 98 104 35 6 102 81 105 26 95 70 63 74 22 53 104 84 90 18 39 31 6 55 109 101 27 40 28 6 3 28 97 68 60 19 103 60 80 14 64 11 25 102 74 77 46 84 66 67 68 93 33 76 69 38 4 
97
98 25 111 97 45 68 7 53 66 31 46 64 93 96 80 62 19 22 47 69 35 88 59 75 45 104 61 41 35 22 50 1 53 69 13 11 25 49 81 21 99 86 28 69 49 6 15 91 34 73 63 103 80 116 83 112 19 7 86 114 20 62 91 22 22 3 4 43 68 49 53 51 48 108 93 22 90 63 97 65 55 10 15 107 51 86 60 72 41 97 66 92 111 110 61 43 14 
90
52 84 62 95 102 91 45 9 94 74 32 9 35 79 91 104 40 24 42 97 35 35 15 63 105 96 51 59 102 40 91 4 100 15 4 107 61 70 14 32 96 37 100 90 9 30 1 51 38 55 64 27 104 28 74 47 106 77 24 51 26 87 67 25 2 72 25 24 86 91 36 7 82 84 5 68 3 82 9 87 93 63 50 31 19 28 61 106 26 5 
97
28 31 33 66 114 36 102 37 108 73 116 82 81 51 27 55 49 12 90 43 32 40 33 63 41 96 15 89 45 61 96 23 89 111 29 6 93 103 14 112 70 105 62 41 10 114 101 83 3 85 78 68 50 53 28 63 109 110 80 116 66 55 95 36 2 28 88 25 88 23 27 31 102 16 39 100 26 48 95 79 77 63 63 83 33 78 93 6 99 115 63 60 3 44 26 42 114 
93
71 79 53 26 31 73 73 74 101 101 78 24 20 107 98 66 26 93 29 110 25 24 43 59 42 24 81 48 21 89 55 88 31 27 75 56 59 1 99 8 95 44 51 16 70 106 72 85 41 50 73 100 70 4 83 95 9 38 31 85 102 4 101 71 37 38 17 52 77 18 11 46 73 107 67 77 8 59 100 21 52 34 92 39 34 56 77 108 104 17 7 4 66 
98
79 14 67 83 74 80 93 33 14 97 49 95 91 36 77 11 111 9 14 19 32 39 5 36 28 14 56 22 65 93 62 108 23 31 60 89 64 7 93 92 108 76 98 114 48 105 95 31 88 50 90 28 104 43 101 42 80 96 44 74 101 20 108 4 107 32 22 51 61 50 95 75 40 69 82 30 40 50 70 41 108 105 30 47 15 83 59 26 32 95 115 50 79 30 44 89 110 68 
100
119 67 72 119 112 56 24 88 100 105 15 72 75 63 37 103 46 36 57 28 40 19 56 59 85 29 31 32 57 110 51 75 12 7 62 117 93 53 61 66 61 97 119 38 30 90 1 109 91 56 80 94 34 50 71 31 23 42 66 39 10 23 105 72 116 76 89 52 6 39 7 2 3 69 31 88 23 12 100 43 111 97 25 77 99 114 39 62 98 71 8 86 76 117 19 10 30 34 113 53 
91
99 35 7 7 67 42 10 62 104 101 57 52 96 66 49 62 18 86 73 29 78 20 6 96 92 83 99 25 10 13 97 65 39 38 55 7 83 71 39 31 20 5 26 92 71 52 58 6 49 65 59 77 15 5 42 72 43 43 16 91 36 28 52 23 58 14 35 104 95 40 33 87 104 65 81 20 75 74 39 45 52 98 69 40 68 78 27 102 35 24 78 
100
3 85 17 97 118 60 85 92 90 25 52 55 22 64 89 62 118 51 17 57 106 100 58 96 30 92 61 51 43 43 45 70 62 97 64 35 39 84 94 80 77 3 47 98 73 67 34 26 40 7 92 55 84 118 117 116 77 16 41 108 4 32 117 35 25 120 25 23 78 42 53 31 35 11 103 59 83 69 4 20 95 53 20 52 25 113 107 113 100 118 109 70 2 2 98 83 110 13 35 55 
92
29 2 87 6 6 22 36 82 109 88 72 29 47 2 19 16 85 108 98 98 72 105 98 16 87 4 34 90 21 109 98 64 62 24 101 3 86 64 102 87 109 85 72 66 108 78 64 78 36 103 99 14 70 44 3 30 93 86 48 92 51 56 63 29 13 78 1 38 37 92 50 104 71 78 35 69 70 85 104 73 53 28 27 12 42 79 79 110 30 16 61 100 
97
71 6 27 102 58 68 86 113 116 50 31 96 28 70 2 94 13 46 2 85 29 115 93 98 5 112 34 29 75 74 115 60 115 115 32 89 106 53 3 27 13 53 66 30 112 63 30 96 6 4 5 18 31 1 83 103 47 53 60 97 63 18 25 113 45 40 91 21 61 111 32 53 105 70 37 27 25 51 88 98 108 97 115 28 41 19 52 94 61 51 46 113 87 40 96 75 113 
94
97 60 91 60 107 85 22 107 16 16 7 97 54 41 107 5 86 101 21 50 64 53 94 75 12 45 92 76 84 85 6 35 112 16 103 30 50 44 49 38 99 9 21 61 14 13 80 53 92 71 71 49 31 2 38 64 99 61 53 102 81 89 93 109 86 34 90 93 67 81 97 23 23 1 67 8 42 1 34 60 75 58 84 1 29 66 54 78 61 96 99 3 55 17 
98
81 70 37 90 34 13 62 26 75 39 114 86 98 88 24 28 21 104 71 104 107 50 62 71 83 99 72 94 105 85 55 25 95 115 22 96 33 69 40 51 1 54 48 68 68 117 43 68 56 107 30 92 34 26 87 110 38 21 111 96 56 87 69 10 92 48 79 87 80 26 4 4 111 113 14 80 5 24 86 56 55 54 12 79 76 63 16 10 64 83 9 52 112 103 53 57 103 69 
96
34 85 67 113 57 56 1 22 46 6 54 78 4 88 45 31 92 86 95 91 100 63 38 56 12 113 21 43 56 35 74 107 16 49 64 106 55 33 100 53 27 47 17 6 38 10 32 11 92 24 110 17 14 72 105 16 1 97 20 41 90 67 8 114 60 104 79 96 102 82 46 50 60 106 87 40 14 80 79 60 55 8 113 50 48 54 26 63 88 86 113 111 58 51 86 79 
99
59 74 106 28 68 57 90 45 19 6 3 100 37 2 28 93 32 84 4 67 73 81 52 70 75 82 102 93 109 12 32 36 86 86 34 14 63 53 70 66 102 5 64 23 67 92 66 92 84 82 68 94 73 92 90 19 45 84 62 8 93 42 79 10 21 78 35 69 8 81 91 86 18 54 16 113 54 68 12 45 116 118 78 6 25 49 103 58 26 96 54 82 32 38 59 24 37 34 37 
97
23 7 57 108 62 39 93 57 72 36 8 3 1 75 6 108 42 84 45 21 10 3 50 46 37 83 95 21 23 79 70 41 38 51 48 101 78 111 82 37 15 46 60 92 100 38 101 79 107 39 3 37 20 81 7 64 47 53 78 54 73 69 37 67 110 67 46 79 12 72 93 6 38 39 86 76 63 77 115 98 113 2 92 110 33 4 57 67 37 49 36 83 107 43 91 77 20 
99
80 24 19 21 116 7 32 37 89 26 110 81 92 42 104 31 117 95 24 57 95 71 1 34 63 77 40 101 83 46 110 69 40 53 86 34 112 74 13 110 34 35 56 88 97 20 40 42 88 27 117 21 11 65 69 52 66 14 29 79 40 83 40 6 56 20 19 85 99 81 2 80 33 75 74 2 111 100 104 69 105 11 73 117 49 79 23 3 15 56 6 63 55 79 10 106 58 22 53 
92
53 89 14 33 36 55 59 11 91 47 51 21 93 92 96 28 90 16 105 105 4 32 26 29 37 49 59 64 1 102 27 73 5 104 27 85 73 29 89 62 27 2 93 48 3 106 8 40 20 51 71 82 90 11 79 58 15 55 87 49 79 51 35 93 26 37 16 102 73 7 25 13 23 46 105 51 78 110 31 63 63 44 82 47 89 91 34 2 6 26 12 55 
96
16 30 72 2 10 61 6 97 102 62 41 52 57 84 53 99 72 21 83 58 40 19 3 27 40 3 7 50 82 46 84 92 40 92 67 78 56 13 49 57 68 27 100 76 6 24 5 28 24 11 84 52 48 53 115 95 83 95 93 9 6 52 33 31 52 107 114 67 48 71 29 79 11 102 55 49 28 70 8 10 20 36 63 96 92 64 43 56 24 83 92 35 69 62 62 74 
92
81 23 34 99 97 107 77 31 10 44 26 95 11 34 102 79 58 93 84 87 93 28 36 56 96 17 49 89 94 90 84 65 97 60 67 11 3 110 43 97 33 3 47 37 27 26 106 100 18 9 96 33 26 17 108 66 88 40 34 44 24 68 2 53 65 110 83 67 53 73 76 19 26 63 35 1 101 17 85 96 68 101 78 9 78 52 81 53 88 101 2 11 
98
40 29 14 53 114 31 62 78 62 45 101 22 26 90 6 76 11 92 87 87 114 15 22 16 108 70 40 112 87 112 10 42 21 80 59 51 4 9 92 22 70 3 43 92 89 96 56 33 113 86 58 36 97 6 36 79 49 111 30 75 35 8 22 109 55 15 116 3 51 113 76 64 86 19 8 102 78 74 7 23 2 26 69 79 6 83 98 40 32 33 89 81 10 5 7 41 62 86 
90
9 47 106 3 52 4 61 85 29 28 75 45 96 79 19 9 68 46 24 104 45 87 30 100 91 74 38 12 85 9 82 20 2 58 90 87 107 72 26 8 17 27 45 64 72 71 61 71 96 63 56 13 59 82 66 67 43 95 28 50 97 50 45 51 22 55 107 12 69 21 92 42 38 29 22 11 42 68 43 42 46 1 29 72 88 56 28 98 19 28 
91
95 89 32 20 21 35 53 10 79 72 57 20 104 15 9 43 78 82 52 17 104 21 86 7 55 25 25 9 10 32 89 77 74 36 10 93 1 35 85 30 85 44 26 92 67 48 95 41 56 51 46 21 55 57 100 15 23 67 76 53 4 55 59 72 70 59 38 44 38 81 42 29 4 7 89 73 97 87 35 18 44 4 68 68 92 68 84 47 81 64 106 
99
61 89 82 67 37 106 22 99 71 85 23 91 105 64 69 11 89 70 77 36 65 9 89 21 77 8 34 88 93 79 14 5 20 94 59 73 11 90 27 73 101 77 79 21 54 99 19 88 10 45 71 30 104 79 112 82 84 88 73 21 102 53 4 60 21 48 81 12 71 80 99 117 114 109 54 109 107 105 45 89 57 17 79 42 116 94 48 72 70 4 30 82 70 24 102 9 14 5 65 
95
114 52 96 77 60 75 54 1 46 27 37 2 49 104 45 24 26 100 51 61 101 110 43 38 102 24 72 72 4 30 33 2 3 79 30 78 4 66 65 1 107 88 89 47 47 82 35 55 38 56 113 113 82 89 90 95 28 29 64 56 91 38 74 34 27 10 16 105 114 14 5 33 71 2 39 57 114 69 101 99 103 24 2 96 104 14 7 55 87 36 36 41 72 5 97 
100
89 91 46 65 33 49 34 102 40 79 45 74 18 59 1 97 5 92 5 100 69 67 4 70 106 96 60 13 36 48 26 93 26 21 11 114 47 39 102 20 110 42 97 88 8 8 57 69 20 120 70 67 110 79 110 75 50 54 88 91 91 11 12 97 119 37 1 90 29 43 87 59 19 4 87 8 17 12 16 67 97 69 35 15 115 100 8 29 100 94 74 111 63 43 9 3 32 82 111 99 
97
101 102 27 48 38 83 74 108 21 109 64 43 52 40 51 41 9 48 52 60 107 51 105 7 35 66 29 64 60 69 47 80 29 53 19 8 14 70 21 98 18 22 4 112 68 65 34 24 39 69 116 17 106 105 20 49 16 57 49 67 43 75 83 83 100 53 76 72 86 6 3 54 84 102 70 24 61 58 1 55 48 23 77 35 105 89 90 18 28 15 36 75 48 70 51 40 37 
99
90 87 40 76 50 95 30 47 110 42 79 21 24 97 19 48 62 92 69 110 35 49 71 13 80 46 32 54 83 67 102 105 5 57 48 115 5 32 70 59 62 100 79 61 57 61 59 66 58 23 102 66 34 40 23 40 11 96 100 106 107 31 38 81 47 92 106 21 118 30 60 30 9 115 72 14 55 24 110 99 109 75 33 31 118 49 106 35 116 74 116 109 18 101 36 88 23 45 46 
93
94 93 92 91 90 89 88 87 86 85 84 83 82 81 80 79 78 77 76 75 74 73 72 71 70 69 68 67 66 65 64 63 62 61 60 59 58 57 56 55 54 53 52 51 50 49 48 47 46 45 44 43 42 41 40 39 38 37 36 35 34 33 32 31 30 29 28 27 26 25 24 23 22 21 20 19 18 17 16 15 14 13 12 11 10 9 8 7 6 5 4 3 2 
91
1 2 3 4 5 6 7 8 9 10 11 12 13 14 15 16 17 18 19 20 21 22 23 24 25 26 27 28 29 30 31 32 33 34 35 36 37 38 39 40 41 42 43 44 45 46 47 48 49 50 51 52 53 54 55 56 57 58 59 60 61 62 63 64 65 66 67 68 69 70 71 72 73 74 75 76 77 78 79 80 81 82 83 84 85 86 87 88 89 90 91 
0
