504
1 3308
4
1 3308
2 3308
1 3385
2 27453
1 20440
1 3308
3 21847
1 26055
1 18991
4
1 2669
1 20305
3 3308
1 2669
1 10591
1 3385
1 756
1 1278
1 15876
1 4884
1 3308
1 18991
1 3844
1 18991
1 27900
1 26055
1 28431
3 28431
1 756
2 18269
1 15876
1 20440
5 21065
1 10516
1 4531
1 4107
1 26506
1 11523
1 11523
1 26692
5 4435
1 20305
4
1 20149
1 20440
1 22521
1 20434
1 23564
1 9752
2 22673
2 26055
2 2152
2 18016
2 4502
2 28947
2 28771
2 32259
2 23300
5 11208
3 20434
2 6250
2 17612
5 756
4
2 11523
2 20440
5 23238
4
2 27188
2 11259
2 21927
2 12594
2 26773
2 6216
3 4531
4
2 9536
2 9752
2 9723
2 20440
2 756
2 16560
2 32422
2 21808
1 28431
5 10720
4
2 3844
2 2984
2 3975
2 9264
2 20092
2 27766
2 3844
2 2553
2 26506
2 3449
1 26986
2 31381
4
1 11347
2 21849
4
2 28254
2 13610
2 15338
2 26270
2 4167
5 24547
2 25433
2 14942
2 26842
2 6870
2 18801
2 18037
2 8370
2 20380
2 17202
1 756
2 20440
2 24310
2 20422
2 16107
2 19644
2 24963
2 5299
2 20695
2 23459
5 11453
2 10050
2 12077
2 27919
2 22585
3 26055
2 20149
4
4
2 18991
5 24140
2 25960
2 25654
2 25492
2 2077
4
2 25877
2 8899
1 3157
2 13363
2 11520
2 21689
5 756
1 11523
1 16505
5 9732
1 25133
1 28535
1 21442
3 28431
1 16747
1 25915
1 22521
1 20779
1 921
1 26506
1 22521
1 31299
1 6492
1 4884
1 26770
1 25915
1 8752
4
1 16636
1 29831
1 28431
1 27900
1 10748
5 32224
1 20149
1 8752
1 31230
2 16180
1 4766
1 19754
1 10614
1 1033
5 5764
1 19754
1 5058
1 15876
1 3461
1 12210
2 26459
1 26506
1 20706
1 10516
1 9024
3 31299
1 25133
1 23564
5 19870
2 3308
1 12210
1 16747
1 20419
2 4766
1 22907
1 10591
1 9028
1 16693
1 4884
1 24607
3 15468
1 20419
1 17465
1 25138
1 24040
1 9752
1 22907
4
1 1098
1 25138
1 30980
4
1 12179
1 6291
1 27465
2 471
1 6081
1 26839
1 22521
1 25138
4
1 3350
1 20779
2 9125
1 12110
1 7986
1 2942
1 9854
1 20956
1 23391
1 11772
1 29831
1 30980
1 27098
1 30980
1 24185
1 6291
1 32005
1 10591
2 921
4
5 375
5 26773
3 23391
5 3015
3 9024
1 7953
1 23555
1 30958
4
3 18991
1 7338
5 7000
2 30958
4
1 28132
5 18227
4
1 3941
4
1 13395
1 6468
5 756
5 756
5 7245
4
5 6429
2 22182
2 29154
1 19754
2 5637
5 756
5 377
2 11760
2 30980
2 30180
5 3049
1 10760
5 1603
5 14950
2 3461
2 4870
1 23084
1 13693
2 6468
2 14059
5 13484
5 26419
5 12630
1 4425
1 13136
1 28135
2 11450
1 22803
1 3994
1 28722
1 3140
5 16805
5 21180
3 30980
1 4766
3 29831
2 7573
1 11124
1 30980
2 15804
5 16619
5 3486
1 15349
5 27904
1 23084
4
1 29133
2 15160
2 9854
1 19409
4
1 17090
4
2 2513
1 10282
5 16166
5 756
3 3994
5 8729
5 22768
1 6331
1 3846
3 7338
4
4
5 19586
2 15349
3 1098
3 1098
5 17133
4
1 12436
1 16505
3 1102
3 21177
3 3140
1 15444
5 756
2 15848
5 10250
5 26886
5 26639
1 13047
2 4118
2 1117
5 7569
1 19937
5 19387
2 22347
2 16547
1 1556
5 27761
5 21385
3 2942
5 28367
1 12329
5 756
5 1178
5 756
2 11862
2 7093
5 756
5 14983
3 7024
5 23017
5 3167
5 6405
2 29224
5 9573
4
1 18991
3 13395
1 25470
5 21429
4
1 7670
5 7805
2 11692
5 31226
4
5 11781
1 20881
5 12114
5 756
5 1743
2 14479
2 31627
5 756
5 28027
1 3140
2 30958
1 7221
5 2927
5 756
5 24483
5 7471
1 3994
1 25591
5 29308
1 1067
5 7540
1 15458
1 1510
5 756
4
5 14298
5 756
5 756
3 28830
1 643
3 30262
5 643
2 6434
5 22167
1 23555
5 643
1 15458
2 16709
1 6141
2 1382
1 4425
3 23084
1 17701
1 12436
3 4693
5 13754
3 11772
1 13298
5 6958
1 29242
2 12534
1 13681
5 16812
5 7950
4
1 11124
3 2942
2 32645
1 28135
2 4425
4
1 20462
4
3 12329
5 19209
2 6291
1 12670
3 25880
3 22528
5 6168
3 30977
5 9434
2 7598
2 3188
5 8178
2 21898
5 1304
1 12670
5 24144
1 31230
2 20440
5 643
3 6291
1 7953
1 31680
1 25591
2 23084
5 17837
1 30038
5 28457
5 913
5 4492
2 31213
5 643
4
5 18841
2 20706
2 29973
5 2465
1 24479
1 27695
2 17422
5 24082
1 23985
