957
1 18213
1 8338
2 427
4
1 18213
1 18213
5 28459
1 8338
1 18213
1 9574
1 9574
1 3832
1 15545
1 3167
1 21574
1 29168
1 13276
2 27468
1 3167
1 13390
1 8338
1 31163
1 31163
1 9574
1 8338
1 7422
1 14613
1 22798
1 23111
1 25278
1 18910
1 768
1 31237
1 25279
1 1703
1 21011
1 7549
1 5109
1 7549
1 8381
1 11168
1 24776
1 14334
4
1 18424
2 3101
1 8961
1 24776
3 28216
3 15545
5 26809
1 14613
1 17618
1 22731
1 5439
3 31282
1 21011
1 13276
1 18424
1 13276
1 22731
1 16293
1 16500
1 8002
5 28694
1 11168
3 21574
5 7729
1 3167
1 15545
4
1 6482
1 31237
1 21574
2 11216
1 3201
1 768
1 6798
1 7084
1 9574
1 5570
1 16405
4
1 29168
1 6798
5 25966
1 30649
1 27673
1 8467
1 16293
1 3167
1 15545
1 15754
1 6916
1 31547
1 17991
2 20504
2 18910
5 16518
2 14355
5 23816
2 11153
2 32743
1 9317
2 3201
2 4349
2 1939
2 16763
5 5921
1 27239
2 3266
2 19284
2 27903
2 9362
2 22152
2 20096
4
2 7749
1 27673
2 1710
4
3 21011
1 3832
2 15117
2 18910
2 30649
3 7084
1 31180
2 11972
2 8467
2 10297
2 21372
2 7288
2 31180
2 16208
2 11644
2 7422
2 31940
2 5518
2 9408
2 21895
2 27046
2 17037
2 31640
2 16306
2 7098
2 2166
2 15045
2 15655
2 15203
2 9812
2 20921
2 32677
4
2 7718
2 7720
2 24776
2 18390
2 7422
4
2 7084
1 5439
2 30465
2 9717
2 5997
2 1341
2 15807
2 18083
4
3 8381
2 5506
2 21506
2 14993
2 5570
2 27722
2 18182
2 32485
2 20197
2 25682
3 5109
5 15465
2 9488
2 4000
3 3167
2 29770
2 3214
1 25283
2 31309
2 5914
5 30434
2 7957
2 31757
2 10664
2 26108
5 768
2 7549
3 12795
3 25279
2 22922
2 8253
2 17594
2 10382
2 29072
5 768
2 21011
2 31048
4
2 26247
2 24561
2 30597
2 27643
2 5414
2 8948
2 16405
1 25760
2 18093
2 25889
2 292
2 5008
2 18424
2 29263
2 27164
2 26712
1 25416
2 13629
2 24852
2 14739
2 4544
2 17396
2 8485
2 5867
2 24955
2 30301
3 5439
2 25278
2 11108
2 25373
3 9574
2 2933
5 23479
5 768
2 15640
2 5239
5 2388
2 9574
3 21011
4
2 32600
2 27463
2 13358
2 28477
4
2 10146
2 10812
2 22552
2 708
2 21613
2 10068
2 10281
1 23736
2 28526
4
4
2 24374
2 9929
2 5888
3 13276
2 30998
3 15545
5 11996
2 30350
2 6482
2 18053
2 19546
2 3240
2 7671
2 31329
3 8002
2 26272
5 768
2 18674
2 20649
2 26772
2 16049
2 21650
2 6998
2 26948
2 31502
1 13276
1 31163
1 14161
1 24776
1 9574
1 11773
1 25279
1 8381
1 31471
1 15911
1 13879
1 28480
2 17991
1 3832
1 18555
2 15754
1 25278
4
1 16593
1 26609
1 5028
1 15545
1 10468
1 7084
1 13947
1 15754
1 17401
1 25254
1 3167
1 16436
1 14613
1 28480
1 13877
1 27170
1 13909
1 25254
1 13879
1 17812
1 26320
2 10468
1 5536
1 1761
1 21574
2 27400
1 7221
1 9888
1 18424
1 5440
1 13733
1 17528
2 26514
1 8002
5 768
1 768
1 9704
1 31471
1 25356
1 23532
1 32525
1 22731
1 19539
1 26609
1 7676
1 6874
1 10537
1 14334
1 9888
1 14584
1 17158
3 928
1 3543
1 7273
5 31093
1 26320
4
1 6456
1 5109
1 25227
1 1761
1 29168
1 27170
1 16260
1 16123
1 853
2 31724
1 17991
1 27170
1 25306
1 29155
1 17991
1 32589
1 32506
1 26847
5 15340
1 22798
1 23016
4
2 6719
1 14315
1 19660
4
1 29830
1 14210
5 10580
3 15545
1 11404
1 14731
1 27974
1 15703
1 22798
1 2664
4
1 29366
1 21011
1 15976
3 7549
3 20559
1 6867
1 25227
1 25254
1 13991
1 30590
1 17722
1 11301
1 22459
1 15976
1 29366
1 27029
3 10537
1 3167
1 853
1 27756
1 19035
4
1 1816
4
1 15703
1 26359
1 8961
1 21197
1 14659
5 32033
1 6361
1 19454
1 26676
5 6486
4
3 14889
1 8612
1 15259
1 7372
1 23016
4
2 14210
5 768
1 10114
1 1075
1 1816
1 22934
1 19079
1 24091
1 19079
2 12460
1 7383
1 8205
1 28015
1 21981
1 5109
1 7958
1 22459
1 16260
4
1 32376
5 30425
1 17789
1 245
1 30590
1 31547
5 245
1 24646
1 14819
4
1 24210
1 29613
1 3509
1 29823
1 15017
1 9604
1 8303
2 25227
1 16847
1 11168
5 245
5 32010
2 17155
1 16436
2 2664
2 5245
2 25623
2 24091
2 14363
1 21868
1 7549
5 8141
5 573
2 31911
5 4998
5 17563
1 21927
4
1 31284
5 1939
5 9810
2 589
1 16149
5 245
1 2532
5 9716
1 15519
4
2 7970
2 22965
1 26277
1 10443
1 5109
2 29793
1 25254
3 22459
5 23896
4
1 26277
3 14584
2 13877
2 16847
2 30172
4
2 527
1 28480
1 4941
4
1 8176
5 10514
2 28889
1 22005
5 11080
5 29977
5 24622
1 11221
4
5 31550
2 212
5 245
5 245
4
5 7550
5 245
3 5536
2 14968
2 31993
1 17991
2 12010
5 778
5 18207
1 31382
2 14877
4
2 19119
2 6718
1 1126
2 25797
2 16525
2 32670
1 4941
5 28313
3 17722
1 19035
5 28507
1 5109
1 10612
5 245
2 23532
5 25398
2 17242
5 15471
5 13367
1 21011
1 3705
1 9604
2 20790
5 21332
1 5028
5 245
5 4061
4
3 4941
1 21010
1 27673
4
5 709
1 14122
3 2164
3 17618
1 2539
4
1 30512
2 7380
1 4171
4
5 14392
1 16500
5 245
1 19551
2 24160
2 18866
4
1 1393
2 20277
5 15819
1 10612
3 11404
2 29828
5 12827
1 8223
2 5440
1 17063
2 15941
5 17152
1 27958
2 24241
4
3 14334
1 30339
5 23906
5 14575
2 15227
2 25283
5 4894
5 245
4
4
1 27958
5 25390
1 27803
5 2438
5 24925
1 30916
2 6075
5 30271
5 245
1 14161
2 17403
5 245
1 11285
1 9295
4
5 245
1 15703
2 22737
4
1 10468
4
2 22035
2 16123
1 14584
3 16593
5 19074
1 13189
2 12191
4
1 2643
1 2138
1 23999
2 21197
5 28529
1 14291
1 14210
1 11655
4
5 28032
5 245
1 21837
5 245
5 6487
5 29967
5 19380
5 6955
1 10612
5 245
4
2 32506
4
1 2181
5 9518
2 9591
1 13042
3 24210
3 15754
5 16779
2 2855
1 1126
1 14832
5 245
1 31547
2 22798
4
2 4481
1 10590
2 16784
5 2042
5 7079
1 27974
1 31637
5 6148
2 26771
1 7698
1 27901
5 17446
1 12707
1 93
1 25356
4
5 9716
2 28890
1 20967
5 93
5 93
1 11650
2 25776
1 3820
2 22821
5 28850
5 28439
5 17825
1 32140
5 93
1 5827
3 768
5 93
5 32084
1 26758
5 16257
5 93
4
5 93
1 29613
1 16919
1 20466
1 13946
2 32723
1 11555
2 10468
5 9999
1 768
1 5570
1 12738
3 20466
3 27239
1 18355
1 21868
5 10664
2 562
2 17991
5 27023
5 10091
1 26802
2 10590
3 7812
2 10527
5 11518
5 93
3 17789
5 27900
4
5 7188
1 7913
2 15840
3 14315
5 11168
2 32585
1 14709
3 14731
2 9740
5 19432
1 7599
1 14316
1 9671
3 21002
4
5 5309
1 841
3 6143
5 30392
5 6309
3 25306
5 11435
2 875
5 22537
5 93
2 13786
3 14702
4
2 26812
1 14819
1 5481
1 8041
1 31637
5 7513
5 5108
4
1 13924
5 5341
3 23008
2 28338
3 23736
5 32083
1 15911
4
5 93
2 28281
1 14122
2 4995
5 93
1 15519
5 16698
2 7372
5 4905
1 27337
5 12092
1 93
2 31933
2 26722
2 30214
3 14819
2 5252
5 21756
1 6482
3 14334
5 10208
5 1509
5 18678
5 13385
3 17063
2 14832
4
3 21837
3 7958
1 9704
2 5909
2 10158
2 11773
1 32303
1 6153
5 5555
2 3167
5 15417
2 25405
2 17490
5 93
3 2532
5 93
5 93
5 10807
1 25283
2 30459
1 14334
2 25075
3 17158
3 29830
3 24776
4
1 10473
1 1703
2 6483
3 7337
3 17850
4
1 7599
1 25122
1 4486
1 14122
5 16831
4
1 19539
2 14572
5 4408
2 18355
5 25083
2 7500
4
2 7913
5 1694
2 14291
2 4956
5 6405
1 2052
1 19507
1 3705
5 13168
1 27673
5 17911
5 2025
2 16561
5 18243
2 7095
2 13335
4
1 13733
3 27435
2 9219
2 27001
2 9114
2 8176
2 6687
1 9544
1 21981
2 27673
5 26608
5 11340
5 1008
5 23461
2 22634
4
5 29004
5 17319
5 1835
2 29420
5 2385
1 12092
1 26378
2 2124
5 14316
5 1477
5 93
4
1 12986
1 14959
2 13189
1 1300
3 9936
2 6456
1 8467
1 16005
5 93
5 3563
1 8574
1 17179
2 14161
5 93
3 29366
2 26045
1 11655
1 18268
5 3635
5 9735
5 16837
4
1 94
5 31812
2 24971
1 27803
3 20466
5 3148
5 20922
5 15085
1 8002
1 13669
2 768
5 12620
3 25416
