98
1 23273
1 32235
1 32235
4
1 32235
1 28412
4
1 6484
5 30715
2 9052
2 30719
4
2 24788
5 509
2 11621
2 5004
5 17678
4
2 32548
2 29710
2 1650
2 29681
4
2 21920
1 28412
2 6998
2 8323
2 28412
2 2515
2 26097
1 6582
1 23273
4
1 13491
1 12603
1 8727
1 23273
1 12603
5 30079
1 15050
1 29018
1 26789
3 4735
1 22833
1 13491
1 103
1 27106
2 11088
1 23273
1 16072
2 8184
5 103
5 103
5 16487
1 8670
3 27106
3 26789
1 103
4
5 15554
1 24830
4
3 14556
1 11185
5 22284
4
1 20250
1 29295
2 21047
2 22741
2 15837
4
1 10715
4
3 24830
4
1 26655
1 32235
2 6484
2 27106
5 16257
4
1 12269
1 29295
1 19494
1 12677
5 22772
3 22776
1 27106
5 11812
2 13491
3 12677
2 16591
5 23593
5 7824
5 27595
1 28369
2 4540
