100
1 99998
1 99960
1 99943
1 99843
1 99817
1 99789
1 99750
3 1444
1 99726
1 99707
2 23373
1 99667
1 99652
1 99627
3 30591
1 99519
1 99508
1 99462
3 27509
1 99382
5 18239
1 99344
1 99336
1 99292
1 99294
4
5 28677
1 99252
1 99154
1 99151
2 5653
1 99110
1 99101
1 99022
3 30742
4
1 98950
2 4200
1 98895
1 98794
2 5060
1 98804
1 98793
1 98756
1 98763
1 98720
1 98682
2 11155
1 98616
1 98523
3 5513
1 98429
1 98356
1 98253
1 98229
1 98215
1 98186
1 98099
1 98073
1 98066
1 98075
1 98030
5 22492
1 97931
1 97909
1 97852
1 97860
1 97838
1 97768
1 97697
1 97617
3 197
3 12342
3 10635
3 6047
5 9610
3 9317
3 17632
5 27291
3 295
3 7133
3 4197
3 2312
5 17987
5 10990
1 98756
3 2457
3 14498
4
5 11006
2 3083
3 18368
3 4064
5 26254
5 14006
4
3 4979
2 25730
3 14815
5 25381
