986
1 4
1 55
1 104
1 194
1 200
4
1 225
2 17609
1 237
5 8702
5 18325
5 2960
5 24286
4
1 230
1 320
1 382
1 422
1 515
1 571
1 615
1 716
4
4
1 824
1 815
5 10635
1 918
1 913
1 996
3 16715
1 1024
1 1117
4
1 1181
1 1182
1 1230
1 1244
1 1304
4
1 1301
1 1383
5 31862
1 1429
1 1503
1 1602
1 1637
1 1683
1 1784
1 1811
1 1814
1 1891
3 315
1 1989
1 1989
1 2054
1 2130
1 2204
4
1 2225
1 2290
1 2395
5 4117
1 2393
1 2412
1 2455
1 2480
1 2570
1 2591
1 2687
1 2777
1 2836
1 2871
1 2931
1 2922
1 2952
1 2942
3 18951
1 2977
1 3082
2 25173
1 3167
1 3201
1 3301
1 3303
3 21774
1 3348
1 3378
1 3413
1 3450
1 3522
1 3542
1 3557
1 3609
1 3650
1 3752
1 3747
3 14433
1 3742
1 3826
1 3930
1 4012
5 19590
1 4067
1 4176
1 4232
1 4281
1 4364
1 4432
1 4513
1 4555
1 4576
1 4609
1 4623
5 23079
1 4650
1 4640
1 4737
1 4833
1 4919
4
1 4985
2 22387
1 5091
1 5167
1 5258
1 5344
1 5438
1 5526
1 5551
1 5552
1 5578
1 5663
1 5653
2 24904
1 5697
1 5716
1 5726
1 5828
1 5876
1 5926
2 27121
1 5930
1 6002
1 6035
3 20527
1 6132
1 6144
1 6162
2 28137
1 6242
1 6324
1 6352
1 6396
2 24229
1 6485
1 6573
1 6660
5 19230
1 6675
3 2447
1 6746
5 10783
5 7928
1 6822
1 6837
4
1 6856
1 6963
1 7005
1 7069
1 7095
5 22171
1 7143
1 7223
1 7270
1 7270
4
1 7308
1 7417
1 7479
1 7539
2 289
1 7594
1 7677
1 7690
1 7759
1 7852
1 7911
5 32027
1 7912
1 7987
1 8015
1 8086
1 8105
4
1 8152
1 8144
1 8164
3 16982
1 8205
1 8311
1 8420
1 8503
1 8528
1 8617
4
2 5158
1 8612
1 8650
1 8735
1 8822
3 22853
1 8929
1 8972
1 9043
5 21018
1 9115
1 9126
1 9203
1 9292
1 9341
5 9409
1 9392
1 9420
1 9519
4
1 9516
1 9612
1 9609
4
1 9614
1 9621
3 1675
3 13158
1 9622
1 9678
1 9718
1 9798
1 9834
1 9943
1 9975
1 10033
1 10068
4
1 10109
1 10138
1 10193
1 10240
2 22099
1 10239
1 10250
1 10319
4
3 31041
1 10377
1 10436
1 10479
1 10565
1 10571
1 10590
4
1 10634
1 10698
1 10770
1 10800
1 10892
1 10997
1 11040
3 2645
1 11072
2 3630
1 11125
1 11216
1 11296
1 11346
1 11377
1 11436
1 11489
2 8615
1 11583
1 11691
1 11690
1 11795
1 11836
1 11896
1 11960
1 12002
1 12065
1 12070
4
1 12111
1 12196
1 12265
1 12302
1 12358
2 27609
1 12379
1 12398
1 12469
1 12480
1 12474
1 12565
1 12594
1 12635
1 12633
1 12712
1 12758
1 12765
5 23521
1 12776
1 12819
2 23472
1 12906
1 12900
3 24930
5 5436
1 12934
4
5 16353
1 13018
1 13051
1 13063
1 13120
1 13163
1 13183
1 13191
1 13208
1 13209
1 13211
1 13299
1 13311
4
3 28797
1 13381
3 24721
1 13394
1 13464
1 13494
1 13490
2 6785
1 13584
1 13652
3 7587
5 10024
1 13668
5 7421
1 13771
1 13768
2 17542
1 13858
1 13960
1 14030
1 14023
1 14139
4
1 14161
1 14156
1 14191
4
1 14279
1 14373
4
1 14377
1 14478
5 6906
1 14532
1 14608
1 14615
1 14692
1 14767
2 26404
1 14776
1 14812
5 19334
1 14914
3 19613
1 15002
1 15074
1 15089
1 15109
1 15100
1 15112
1 15107
1 15148
1 15160
1 15220
1 15245
5 27029
1 15259
2 16897
1 15299
1 15355
1 15402
1 15494
1 15587
1 15678
1 15732
1 15817
1 15857
1 15892
1 15898
2 902
1 15961
3 11627
4
1 15974
1 16080
1 16152
1 16225
1 16232
1 16341
1 16399
1 16485
1 16561
5 24612
1 16582
1 16652
1 16711
1 16719
1 16770
1 16831
1 16905
4
1 16920
5 15150
1 16969
1 16972
1 16983
1 16984
1 17062
1 17159
1 17234
1 17242
1 17251
1 17244
1 17255
1 17344
1 17439
1 17429
1 17508
1 17584
4
4
5 10362
5 4558
1 17656
1 17711
1 17809
1 17834
1 17895
5 1316
1 17885
1 18000
1 18083
1 18142
1 18251
1 18264
1 18345
1 18391
1 18486
1 18542
4
1 18572
1 18619
1 18703
1 18739
1 18793
1 18884
1 18975
1 19012
2 26203
1 19092
1 19139
1 19139
1 19234
1 19287
1 19319
1 19350
1 19457
1 19528
1 19628
1 19700
1 19696
4
1 19729
1 19764
1 19840
1 19929
1 20007
2 8899
1 20109
1 20114
1 20105
2 26637
1 20112
1 20175
1 20228
1 20288
1 20290
1 20343
1 20438
5 689
4
1 20450
1 20521
1 20523
1 20555
1 20619
2 344
1 20709
1 20730
1 20798
1 20817
1 20815
1 20862
1 20891
1 21000
1 21104
1 21123
1 21194
2 7828
3 7525
3 22239
1 21236
1 21269
1 21375
1 21435
1 21515
1 21617
1 21682
2 3305
1 21706
1 21779
1 21788
1 21836
1 21939
1 22018
1 22019
1 22088
1 22145
1 22209
1 22249
1 22281
1 22373
1 22445
1 22481
1 22473
1 22575
1 22645
1 22739
1 22769
1 22851
1 22866
1 22941
1 22941
1 22980
5 14702
4
1 22976
1 22992
1 23093
3 4052
4
1 23149
1 23186
1 23197
1 23242
1 23255
1 23327
1 23376
1 23410
2 6785
5 31324
1 23502
1 23542
1 23647
1 23659
1 23665
1 23693
1 23749
1 23819
1 23859
1 23890
1 23976
1 24067
1 24105
2 10665
1 24171
1 24277
1 24309
1 24400
1 24421
1 24492
1 24534
1 24552
4
1 24634
4
1 24703
4
1 24718
1 24747
1 24778
1 24861
1 24916
3 26260
1 24976
1 25084
1 25171
1 25214
1 25213
1 25205
1 25243
1 25303
1 25355
1 25374
1 25438
1 25502
1 25566
1 25571
5 14385
1 25567
5 1553
1 25581
1 25572
1 25640
1 25703
1 25719
1 25719
1 25759
3 12508
1 25861
1 25949
1 26028
2 25185
1 26019
1 26027
1 26025
1 26069
1 26176
1 26266
1 26372
1 26450
1 26504
1 26601
3 17144
3 17788
3 13434
4
1 26646
1 26705
1 26799
1 26814
1 26833
1 26937
1 26965
4
1 26974
3 31052
1 27020
1 27014
1 27091
1 27114
1 27142
5 8066
5 9818
5 26995
1 27151
2 7026
1 27205
1 27236
1 27228
1 27259
2 11046
1 27333
1 27404
1 27398
1 27399
2 21691
1 27438
4
1 27486
1 27507
4
3 27623
1 27600
4
1 27644
5 20043
1 27751
2 3252
3 87312
3 88118
3 98900
3 94858
3 96421
3 89767
5 19077
3 99537
1 27708
3 94904
3 98922
3 96892
1 27681
5 25336
3 99346
3 89190
3 89692
3 84092
3 95158
5 14277
3 97704
5 9133
3 95992
3 95692
3 94413
3 82210
2 10007
1 27665
1 27637
3 93961
2 9
5 20718
3 88341
3 92130
1 4513
1 27554
1 27447
1 27425
3 85889
3 85162
5 32052
4
5 8831
5 30053
5 5539
3 94403
3 93102
3 96864
3 88005
5 28344
3 86846
5 1768
5 3379
3 89925
3 98123
2 25305
3 90269
3 97791
3 96297
3 89805
3 93848
3 81523
5 21622
5 6745
3 90845
2 20741
5 18308
3 83853
2 18808
1 27430
3 92776
3 99548
3 92666
3 99515
3 98228
1 27435
3 98010
5 2626
2 29536
5 22208
4
3 93384
1 27374
3 94340
3 93627
1 25566
3 88190
2 18032
5 30787
5 30412
3 82801
5 5977
3 81227
3 87081
3 99818
3 80571
3 98064
3 98873
3 80834
3 95577
1 19700
3 96258
3 97329
5 17261
3 88714
1 27447
3 80710
4
2 11092
3 86123
3 94662
3 88649
3 94727
3 88289
3 92379
3 84672
4
1 27308
1 27264
5 8218
3 94479
1 27157
1 27057
3 81438
3 90649
5 26360
1 27021
3 98602
1 26928
3 84083
2 18598
1 11690
3 96624
3 94632
3 84774
1 26917
5 19439
3 97075
1 26915
3 88605
1 26646
3 90349
5 14652
5 933
3 87928
3 80103
3 92295
3 88440
5 4263
3 83563
5 21374
3 94568
5 8359
3 96133
5 4105
3 88764
2 28975
3 94859
3 90741
5 6608
5 14459
3 85185
5 19788
3 96237
3 98595
5 25099
3 82331
5 9176
5 17494
3 98242
2 15076
3 93666
4
3 95225
5 8720
5 15751
5 3180
5 13392
2 15417
4
5 13325
1 26807
3 84245
3 91086
3 80569
3 96931
2 25287
5 21588
3 97232
5 11915
5 5297
3 93345
5 28596
3 98132
4
4
5 6272
3 96276
1 26780
2 12410
3 98400
3 83719
3 92160
3 89688
5 21486
3 89424
1 17834
3 96781
3 87336
5 25225
5 23414
2 17000
1 26695
3 99833
5 13944
5 18072
3 93316
3 93811
5 11553
3 81835
3 82245
3 81831
3 98908
2 25380
1 26683
3 83477
3 93235
3 91363
3 89922
1 26617
3 90425
3 96011
3 90588
3 90646
3 89114
2 959
1 26583
4
3 86933
5 8200
3 91747
1 26545
5 1460
3 95519
3 87118
3 95114
3 95571
1 26464
5 20905
3 82008
3 85117
5 17324
3 94008
5 21845
2 8562
3 89720
5 1704
3 89229
5 31720
3 84559
1 26379
2 7888
4
5 10732
2 7560
3 91515
2 9232
5 16018
5 3544
5 4171
5 3430
3 88336
3 81174
1 26329
3 94391
2 18779
3 98248
3 98076
2 21811
3 92356
2 31109
5 26293
5 20461
5 18986
3 84525
3 95248
3 99424
3 90802
3 91378
3 91345
3 85986
5 26069
5 23113
3 96752
