982
1 1717
1 26992
1 1717
1 1717
1 25722
1 25722
1 22653
1 15369
1 7435
1 13597
1 23874
5 10889
1 4289
1 17617
1 18005
1 4289
1 22653
1 31278
2 10603
1 11930
1 9060
1 5604
1 18005
1 20159
1 26952
1 32333
1 13859
2 7435
5 6424
1 32333
1 9959
1 9060
1 29690
1 25452
1 7435
3 23586
1 15369
1 6371
1 11312
1 15395
1 13143
1 9060
1 26619
1 665
1 3214
3 29690
5 18941
1 7005
1 11312
1 23235
5 17862
1 23874
1 6207
1 6313
1 22790
5 665
1 1717
1 11312
1 22790
1 9060
3 26952
1 13425
1 1792
5 24644
1 27372
4
1 7005
5 17538
1 5604
1 11930
1 30109
1 6313
1 26994
2 3544
1 13202
2 663
1 29690
1 27372
1 1387
1 11312
1 28892
1 8267
1 16213
1 18763
1 17290
5 7703
1 17617
1 5721
3 13859
1 6207
1 5918
1 26243
3 5721
1 1336
5 665
1 26992
1 15862
1 29679
1 14348
2 6995
2 13859
2 15416
2 6313
5 19621
2 15801
4
2 3814
2 18122
2 31152
2 28851
2 31278
4
2 16539
2 8464
2 17606
2 19793
2 28323
2 29257
2 6631
2 27542
2 15749
2 5323
2 3652
2 7444
1 16651
1 24690
2 512
2 10664
2 19710
2 19503
2 2331
2 26580
2 27696
2 28609
2 3231
2 1717
2 30413
2 14773
2 26891
2 18629
2 21475
2 5535
5 13824
2 17506
2 12846
2 32409
2 22653
1 26433
2 17448
2 14844
2 5743
2 30622
2 9060
2 16213
2 30557
2 30279
2 11312
2 19147
2 21456
2 20600
2 6359
2 21062
2 18915
2 17400
4
2 17514
2 26304
2 1371
3 1799
2 11402
5 10360
2 14728
2 19476
2 17965
2 665
2 10150
2 3106
2 4301
2 9656
2 17617
2 8841
2 6207
2 19646
2 1107
2 29473
1 24690
2 16923
2 5613
2 32333
5 1336
2 14330
2 20402
2 16213
5 1336
2 19981
2 22259
2 5985
2 6429
2 3846
5 27911
2 22963
2 23199
1 29805
2 1053
2 7374
2 21765
2 29653
2 16468
2 31278
4
1 17290
5 8257
2 24152
4
2 20612
2 19504
2 32569
2 11649
2 1968
2 25043
2 19239
2 20622
2 17782
2 30574
2 1387
2 23874
2 3909
2 14348
4
4
5 1336
3 15369
2 10914
2 25923
4
3 8267
2 13773
1 22653
2 28607
2 8429
1 15369
2 6869
2 22567
2 665
2 31899
2 31501
2 11729
2 15444
2 15710
2 12560
2 4716
2 16490
2 16302
2 11803
2 4997
2 20301
2 32480
2 17696
2 16318
1 26243
5 1336
4
2 1717
2 30109
2 30470
2 18332
2 3938
2 31426
2 6965
2 23237
2 26477
4
2 24607
2 8002
3 26952
2 27986
4
3 24690
2 24774
2 22790
2 7998
4
2 21000
2 30908
2 32333
2 29690
2 22790
2 321
5 1336
2 7435
2 16766
2 20478
2 707
2 31080
2 7578
1 8267
1 4106
1 29061
1 21966
5 30167
1 5604
1 10144
1 15046
1 17290
1 26433
1 10171
1 26619
1 23048
1 14135
1 29624
1 16534
1 26243
1 32333
1 1387
1 29805
1 4951
1 30532
4
1 32260
1 4289
1 9959
1 26431
1 15046
1 14952
1 5239
1 7005
1 27006
1 14790
1 6344
1 20211
2 29690
1 30901
1 18533
1 17737
3 14961
5 30747
1 20211
1 12702
1 13646
1 32404
1 31682
1 9060
1 17290
1 15387
1 13746
5 11100
1 32404
1 17146
1 9031
5 1586
2 29302
1 499
2 27529
1 4106
1 29036
1 17290
1 13425
1 9798
1 10144
1 6313
1 23340
1 1729
1 32024
3 8267
1 13859
1 6341
1 23874
1 32074
1 26237
1 17251
1 1013
3 5195
1 26433
1 27372
1 20385
1 14601
1 9157
1 10253
1 25010
1 16231
1 26619
1 22843
1 13746
5 499
1 31682
1 16475
1 2534
1 32006
1 29061
1 26992
1 26992
1 21966
1 19605
1 13597
1 16811
1 32275
1 23747
1 24748
1 1994
3 24575
1 14158
2 19061
1 13133
3 22653
1 3550
1 18631
1 13667
1 31903
2 21316
1 9114
1 10595
1 12623
1 12232
1 32335
1 8505
1 3736
1 16567
1 13297
2 15125
1 13610
5 28460
1 16303
1 27730
5 499
1 5220
1 11930
3 4951
1 22417
1 5604
1 7069
4
5 29829
4
2 7316
1 22843
3 7005
1 26825
1 27911
1 28518
1 23391
1 24336
5 32388
1 846
1 6341
1 28847
1 2338
1 21028
1 7255
1 23809
2 27794
1 10171
2 16633
1 1149
2 25993
2 20424
1 2338
1 1994
4
1 8993
1 32613
1 18631
2 23028
2 18218
1 22159
1 21521
1 7255
1 18949
1 14298
1 21966
1 5721
1 14790
1 30195
1 1717
1 19066
1 25390
1 24779
1 21521
1 14601
1 22810
1 9031
1 4577
1 22810
3 8267
4
1 17617
1 18005
2 14004
1 856
1 14578
1 29369
1 28316
5 13721
3 29805
5 8199
2 28892
1 18540
1 15387
5 22669
3 23747
1 24372
2 29035
5 4011
4
2 16589
1 29224
2 25574
5 4940
5 32117
1 31352
1 8993
2 27317
2 29695
2 2659
2 7458
1 25574
5 271
5 2586
2 5903
2 13143
5 32527
5 1282
5 11424
5 25639
2 10458
5 20877
1 18325
3 31352
4
3 22843
5 18641
5 11932
5 26804
5 19598
5 499
2 6324
5 27801
4
1 8854
1 28489
5 6241
2 21155
3 17617
1 18063
5 499
1 31526
2 30195
5 499
5 499
5 12923
5 499
1 26062
4
2 18638
1 26619
5 499
1 27107
1 29799
3 26243
1 32516
5 499
1 17220
1 1792
1 15046
1 14464
1 22377
2 10496
1 24911
1 7374
1 9806
1 26433
5 411
2 9806
2 32237
3 9806
5 26762
5 22903
4
5 25861
2 25204
4
1 31488
5 499
5 6880
5 605
2 29199
5 3161
5 499
5 7948
1 27107
5 13871
1 1936
2 31233
1 18269
1 26916
3 7069
2 2800
4
3 18949
5 499
5 26906
5 499
1 17866
4
5 17792
5 27530
3 20041
5 2396
1 7005
5 31356
4
4
1 2886
3 32006
2 12095
5 6540
5 7915
1 21874
5 20541
4
5 499
1 23874
2 3690
4
2 19605
5 13373
1 7255
1 21487
5 4762
2 32208
5 4394
2 24235
1 14464
3 20385
2 10549
2 18325
3 24748
3 9806
3 32516
5 499
5 21173
2 27650
2 15899
5 6494
3 3214
4
5 24316
1 458
2 13315
5 11437
2 20409
2 18503
2 31548
5 6305
5 458
2 8704
5 2276
4
1 3014
1 18464
1 26952
5 20759
1 17251
1 6344
5 18111
2 25553
2 9249
3 26243
2 25421
1 13667
1 11160
3 13597
4
1 17580
5 32435
2 17146
2 1371
4
3 7374
2 29224
1 7069
5 17030
2 21992
2 22417
1 27730
4
2 22282
1 30065
5 32656
5 5716
3 16534
1 22810
5 6847
5 17646
3 14578
2 26399
4
3 31524
1 24982
1 28489
1 18888
5 458
2 29163
1 12672
5 458
3 26032
1 2141
5 6258
1 16534
4
3 17220
4
5 6484
2 14778
5 15830
3 25452
3 17670
1 7753
3 28489
2 4106
5 7700
3 21622
5 458
1 5106
3 5918
1 22859
1 26166
4
2 28159
2 24748
5 22902
1 6371
4
3 32335
1 24234
1 27416
2 11261
3 31352
1 2297
5 13882
1 17309
5 345
3 5106
2 16402
5 23383
1 14952
1 28469
4
3 24372
1 18597
1 25243
2 6371
5 29327
4
5 458
2 26499
2 2077
1 16163
5 8478
5 16991
1 17102
2 21506
3 20385
5 13868
2 26117
5 14258
5 15721
3 18597
2 31776
1 27416
5 15584
5 28106
1 29336
5 2265
4
2 28847
1 16534
1 3214
5 3071
2 18052
1 10150
4
5 16736
5 18868
5 458
2 20074
2 14133
5 18125
4
1 25390
5 30732
1 5918
2 28920
1 2338
1 30225
1 15869
5 7199
4
3 4876
5 9903
4
1 15972
4
5 10596
2 11278
4
5 458
5 28797
1 8195
5 32641
2 30901
1 18425
1 10253
1 19616
1 6947
4
3 9384
2 1372
2 10971
5 12274
2 11494
3 26916
2 24336
5 19895
1 23723
2 20159
1 18763
4
5 7095
1 22371
5 2698
2 10524
5 12353
1 846
5 16282
4
1 15156
5 2325
5 28798
2 18243
4
1 18063
3 7255
4
5 458
5 1342
5 14549
2 18606
3 16336
4
5 28840
1 2489
1 11929
1 1936
5 28179
5 26485
2 29329
1 5350
2 22810
2 17309
3 31759
5 22849
5 458
5 458
1 24899
2 29572
1 20549
5 14454
2 1156
1 8615
1 6617
1 11388
5 10390
1 14348
2 31259
3 23747
4
2 13667
5 25292
5 17506
4
4
1 9504
5 16381
2 27606
5 16150
5 17586
5 6970
3 11388
5 29821
2 27776
5 11970
1 27107
5 27499
3 29799
5 26814
2 5180
1 17122
5 5207
1 23497
1 7182
2 13597
3 32074
5 18140
2 11699
4
1 16382
2 6597
3 31352
5 458
1 6016
5 11598
3 26433
1 24779
5 458
2 29882
2 26825
5 31906
1 22843
1 29336
5 14808
5 5995
5 19289
5 6451
1 5689
2 29036
5 13171
1 22456
2 18375
3 16382
1 20610
2 14052
1 28726
1 11079
2 18597
1 2141
3 20815
2 4590
5 26931
4
5 12784
3 20361
5 23699
2 10363
5 32684
5 32016
1 22417
5 23043
2 15572
5 458
1 31682
5 9224
5 11130
5 15444
2 13488
4
2 14516
3 27416
1 9114
1 22027
1 15156
5 29327
2 23235
3 17290
1 29904
1 31903
1 13494
1 32341
4
3 26619
2 13884
4
2 25390
2 17255
1 12623
5 1960
2 2739
2 5687
2 29061
1 5985
2 24911
5 458
5 28446
