525
1 3
1 63
1 68
1 131
1 180
1 208
1 298
1 306
1 331
1 353
1 420
1 455
1 551
1 546
1 656
1 755
5 4963
1 756
1 762
1 843
1 931
3 24051
2 5195
1 1002
1 1006
2 28388
4
1 1099
2 9526
1 1153
1 1194
1 1204
1 1301
1 1371
1 1391
2 13921
1 1390
1 1474
1 1499
1 1492
1 1567
1 1560
1 1613
5 31568
1 1645
1 1688
4
1 1738
1 1784
1 1870
3 17552
2 11902
1 1941
1 1949
4
4
1 2037
1 2122
1 2191
1 2246
1 2319
1 2336
1 2433
1 2449
1 2535
1 2636
1 2627
4
1 2730
1 2774
1 2774
5 18252
1 2844
1 2863
4
1 2872
3 18794
1 2864
1 2865
1 2868
1 2924
1 2930
1 2952
1 3009
1 3020
1 3016
1 3021
1 3099
1 3129
1 3147
1 3171
4
1 3271
4
1 3345
1 3449
3 12655
1 3558
1 3664
1 3663
1 3765
2 18849
1 3827
1 3830
1 3860
3 25422
1 3968
1 4016
1 4075
1 4140
1 4146
5 28416
1 4185
1 4218
1 4229
1 4262
1 4272
1 4336
1 4326
1 4408
1 4435
1 4524
5 7800
1 4554
1 4610
2 12195
1 4607
1 4662
1 4741
1 4735
5 15659
2 31726
4
1 4795
4
1 4848
4
1 4915
1 4916
1 4907
5 18079
1 4951
1 4983
1 4976
1 4985
4
1 5049
1 5071
2 20837
1 5128
1 5218
1 5296
1 5299
1 5373
1 5482
1 5534
1 5546
1 5635
1 5742
1 5845
4
1 5938
4
1 5930
1 5945
1 5987
1 6057
1 6157
3 9260
4
3 10714
1 6234
1 6290
2 2916
1 6398
1 6480
1 6539
1 6532
1 6643
2 13236
1 6689
1 6768
1 6841
1 6867
4
1 6879
1 6961
2 23515
1 7023
4
1 7114
1 7143
1 7189
1 7236
5 17733
5 21046
4
1 7242
1 7318
3 31135
1 7370
1 7383
1 7395
3 31709
1 7425
1 7429
1 7443
1 7549
1 7580
1 7665
1 7760
1 7869
4
1 7909
1 7926
5 19885
1 7967
1 8069
4
1 8095
1 8178
1 8239
4
1 8326
1 8387
1 8412
1 8501
1 8522
1 8520
1 8630
1 8729
1 8750
1 8769
1 8798
3 23638
1 8899
1 8952
5 22654
1 9020
3 27512
5 32680
2 9823
4
4
4
1 9045
1 9048
5 12369
1 9073
3 26233
3 26994
1 9122
1 9216
1 9288
1 9358
4
1 9364
1 9447
3 10609
1 9462
3 19449
1 9559
1 9614
1 9619
1 9718
1 9767
1 9821
1 9816
1 9890
1 9956
1 10055
1 10079
1 10071
1 10100
5 25721
1 10163
1 10155
1 10181
1 10224
1 10291
5 22849
1 10332
1 10334
1 10355
2 9019
1 10404
1 10438
4
1 10502
1 10597
1 10641
1 10709
2 27905
1 10755
1 10835
1 10856
1 10885
1 10917
1 10931
1 10943
1 11031
1 11092
1 11191
1 11299
1 11313
1 11347
1 11421
1 11466
1 11550
1 11550
1 11580
1 11635
1 11699
1 11719
1 11714
1 11778
1 11857
3 11207
1 11951
1 11962
2 8402
1 12051
4
1 12130
1 12184
1 12182
1 12216
1 12249
1 12349
1 12344
3 28762
1 12367
1 12458
1 12483
3 8005
1 12590
1 12625
1 12635
1 12630
2 24249
1 12651
1 12693
1 12747
1 12782
5 14229
1 12864
1 12957
1 13042
1 13113
1 13113
1 13201
1 13275
1 13327
1 13436
1 13540
1 13538
1 13596
1 13642
1 13637
1 13650
3 9811
1 13702
1 13714
1 13797
1 13898
1 13910
1 13934
1 13957
4
3 86231
5 15885
5 5037
5 9206
3 92337
1 4976
2 6601
5 11459
5 5971
1 3663
2 25026
3 88328
5 31063
3 96842
3 84820
5 25175
5 1546
5 29339
2 12713
3 90539
3 89310
1 13958
3 87638
3 91094
3 86858
5 11557
5 26610
3 93268
3 89172
3 97309
3 87547
3 92709
3 93160
5 21365
3 87816
3 89590
5 5017
3 80565
3 99278
3 97595
3 97023
5 31591
5 271
3 94521
1 5049
5 18762
3 89188
3 89641
2 27937
3 99366
3 88326
3 98673
2 7391
3 81115
3 91427
5 17526
3 90037
1 13961
3 98754
3 87805
3 82947
5 20487
4
3 95786
5 1159
3 91833
3 83672
3 90546
5 32702
3 96947
2 13337
2 5774
3 89359
2 8472
1 13965
3 96997
2 26911
2 8579
3 89629
3 97026
4
3 94516
3 94285
3 88878
3 83313
5 21495
3 88821
3 95370
5 13219
5 26697
3 80816
3 82921
5 11327
5 2669
3 94878
5 16561
3 88955
5 25746
5 11267
3 97788
2 4634
3 87797
3 85123
4
3 95449
1 13937
3 94534
5 30927
3 97858
3 96586
3 91670
3 95333
2 3628
3 87711
5 2784
3 94836
5 18279
3 89422
3 98890
5 7189
3 89333
3 96656
3 97788
5 3184
3 92077
4
3 85729
3 90590
3 90077
5 16283
1 13848
1 1784
5 12989
1 13853
4
3 96462
3 86014
5 29038
5 15514
2 6574
2 32447
3 96228
3 92583
5 25301
5 32544
3 95307
5 16162
2 27156
3 84412
3 99696
5 29068
5 25613
5 28350
5 23227
5 11014
5 5080
