952
1 99997
1 99978
1 99946
1 99872
1 99848
4
1 99814
1 99707
1 99668
1 99599
3 583
1 99532
1 99509
1 99473
5 14948
1 99369
1 99376
1 99378
1 99261
1 99218
1 99172
2 10747
1 99101
1 99001
5 3753
1 98950
2 30095
1 98955
2 26729
1 98911
1 98804
1 98716
1 98719
1 98668
1 98635
5 9709
1 98544
1 98456
1 98355
1 98319
4
1 98297
1 98193
1 98142
1 98085
1 98035
1 97942
1 97911
3 8764
1 97900
1 97867
1 97780
1 97716
1 97676
2 27930
1 97625
1 97552
1 97517
1 97475
1 97418
1 97389
1 97281
1 97183
1 97086
5 15181
1 97034
1 96969
1 96913
3 7183
1 96902
1 96893
1 96887
1 96839
1 96812
1 96706
3 18217
1 96621
1 96594
2 4731
1 96517
1 96475
1 96366
1 96306
1 96197
3 19156
1 96142
1 96063
1 96065
1 96030
1 96008
1 95958
1 95937
2 2843
1 95843
1 95787
1 95744
1 95697
1 95654
1 95564
1 95487
1 95424
4
1 95372
2 31766
1 95340
1 95265
1 95261
5 16955
2 21274
5 9801
1 95172
1 95088
1 95079
1 95007
1 94906
1 94891
1 94816
1 94792
1 94765
1 94759
1 94738
1 94724
2 12045
2 15996
1 94667
1 94589
1 94563
1 94482
4
1 94414
1 94353
1 94257
1 94184
1 94151
1 94160
4
4
1 94144
1 94136
1 94059
1 94032
2 18461
1 94027
1 93991
1 93897
4
2 382
1 93806
1 93775
1 93758
1 93662
2 30721
1 93579
2 29646
1 93502
2 16939
1 93459
1 93374
1 93265
1 93162
5 21997
1 93168
2 30240
1 93164
1 93144
1 93044
2 26764
1 92994
1 92917
1 92869
1 92773
1 92763
1 92735
1 92688
1 92607
1 92582
1 92587
1 92528
1 92532
1 92498
1 92488
1 92410
1 92376
1 92331
4
1 92325
1 92242
1 92184
1 92134
1 92090
1 92036
1 91951
1 91901
1 91896
1 91905
1 91899
1 91866
1 91875
3 3749
3 4823
1 91790
1 91702
1 91637
1 91635
1 91636
1 91590
1 91502
5 18783
4
1 91469
1 91473
1 91476
1 91461
1 91415
1 91336
1 91302
1 91284
1 91220
1 91146
2 503
3 14424
1 91123
1 91046
1 91009
2 28656
1 90945
1 90931
2 27291
1 90841
1 90830
1 90809
1 90760
4
5 28792
1 90750
1 90726
1 90679
1 90575
1 90490
1 90446
1 90348
1 90338
1 90293
1 90215
4
1 90110
1 90026
1 89959
1 89897
1 89890
1 89878
1 89813
1 89744
1 89721
4
1 89702
2 6439
1 89696
4
1 89667
1 89619
1 89617
1 89610
4
1 89506
1 89413
1 89330
1 89328
1 89256
1 89187
1 89183
2 10292
1 89127
1 89089
5 11417
1 89016
1 89005
1 89011
4
1 88915
1 88921
4
1 88894
4
1 88827
1 88753
1 88733
1 88731
2 1057
4
1 88623
5 12465
1 88620
2 12701
1 88525
1 88458
1 88453
1 88376
1 88277
1 88197
1 88103
5 19474
1 88076
1 88076
1 88050
1 87987
1 87979
1 87988
1 87975
1 87949
1 87896
4
5 7659
1 87854
1 87780
1 87784
1 87708
1 87638
4
1 87542
1 87552
1 87446
3 7008
1 87348
5 8888
1 87243
1 87142
1 87147
3 27050
1 87067
1 87031
1 86965
1 86964
1 86955
1 86850
5 15148
1 86825
1 86721
1 86722
2 6526
1 86724
1 86703
1 86642
1 86535
1 86497
1 86406
1 86313
1 86243
1 86164
1 86133
1 86143
4
1 86105
1 86101
1 86111
1 86015
1 85996
1 85975
1 85884
5 19492
1 85776
4
1 85719
1 85714
1 85669
1 85661
1 85632
5 16565
1 85602
1 85545
3 24992
4
1 85502
1 85512
2 9531
1 85467
2 15687
1 85362
1 85335
2 921
1 85337
1 85340
5 14992
1 85293
1 85195
1 85090
1 85073
1 85021
5 6961
3 20751
1 84975
4
1 84871
1 84855
1 84752
1 84720
1 84696
1 84699
1 84642
1 84577
1 84576
4
1 84471
1 84477
1 84449
4
1 84456
1 84404
1 84303
1 84301
4
1 84251
1 84204
1 84207
3 9988
1 84197
1 84152
1 84093
1 84041
4
1 83963
1 83964
5 16020
5 15904
1 83857
1 83783
1 83783
1 83783
2 18529
1 83761
1 83668
1 83596
1 83546
1 83453
1 83461
1 83380
1 83297
1 83190
1 83116
1 83050
1 82955
1 82864
1 82869
1 82762
1 82668
5 17053
1 82614
1 82583
2 10207
1 82572
1 82572
1 82510
4
1 82483
1 82477
1 82448
1 82358
1 82262
5 27582
3 24908
1 82234
1 82227
1 82127
1 82063
1 81979
1 81872
1 81765
1 81658
1 81619
1 81546
1 81459
1 81408
1 81322
1 81214
1 81140
1 81120
1 81114
1 81025
1 80988
1 80879
1 80886
1 80828
1 80729
3 13351
1 80670
1 80591
1 80573
1 80564
4
1 80547
1 80500
5 3163
1 80501
1 80505
1 80392
1 80361
1 80308
1 80272
1 80194
1 80197
1 80109
1 80031
5 12747
1 79962
1 79890
1 79854
3 6691
1 79840
1 79815
1 79719
1 79662
1 79572
1 79565
1 79471
1 79371
1 79275
1 79236
1 79142
1 79126
5 26724
3 18633
1 79080
3 15920
5 20970
1 79068
1 78966
1 78890
1 78831
3 24575
1 78812
1 78761
1 78694
1 78680
1 78620
1 78531
1 78433
1 78395
1 78331
1 78331
3 17185
1 78275
3 8440
1 78270
1 78227
1 78165
1 78106
1 78073
1 78018
2 26292
1 78002
4
1 77987
1 77893
1 77831
1 77733
1 77648
1 77650
1 77566
1 77485
1 77420
1 77379
1 77332
4
1 77316
1 77208
1 77206
1 77140
1 77067
1 77026
1 76923
1 76929
1 76892
1 76891
1 76791
1 76700
2 26394
1 76621
1 76532
1 76429
3 14817
1 76412
1 76324
1 76332
1 76261
1 76252
3 925
1 76193
1 76197
1 76187
1 76095
1 76032
1 75941
1 75874
1 75879
5 1405
1 75845
1 75775
1 75683
1 75638
2 23602
1 75539
1 75541
1 75480
1 75378
5 16857
1 75278
2 14904
1 75282
1 75241
1 75145
4
1 75060
1 75051
4
1 75039
1 75016
1 75012
5 10897
1 74925
1 74930
1 74817
1 74773
1 74743
1 74730
1 74719
1 74641
1 74649
1 74621
1 74578
1 74511
1 74502
1 74464
1 74463
1 74441
1 74425
1 74383
1 74297
1 74251
1 74210
1 74123
1 74035
2 23831
4
3 12001
1 73978
1 73973
1 73949
3 2318
1 73952
1 73843
1 73816
4
1 73735
1 73643
1 73646
1 73534
1 73436
2 29190
1 73361
1 73279
1 73204
3 24243
1 73170
1 73136
1 73114
1 73033
1 73021
3 6152
3 13505
3 12872
3 10682
5 28907
3 8592
1 73107
4
2 16437
3 7907
3 9866
5 25572
2 13513
5 19385
5 9430
3 8077
3 19054
3 6935
3 3062
2 2857
2 7249
3 14982
3 4854
3 8437
5 18305
5 2195
3 11721
2 7533
4
2 13734
3 11512
3 245
2 32324
5 17732
1 97942
5 28341
3 9784
1 73210
3 11751
3 166
5 9144
5 8930
3 8100
3 11708
3 677
3 5517
3 18097
4
5 15767
4
1 73222
5 13222
1 73304
3 9996
2 22719
3 4076
2 9891
5 21025
5 7137
5 20205
5 2733
5 26096
1 73294
4
2 7563
4
1 91473
3 1288
5 12587
2 2074
5 18533
3 16975
3 10189
3 13846
5 3293
2 10331
3 3686
5 25387
5 23503
3 1365
3 3488
3 13326
3 3678
5 27128
3 7575
3 10180
5 16960
3 7925
5 25853
4
3 7926
4
5 14000
3 3287
3 17990
4
3 8629
3 12118
5 5246
4
3 17169
3 16499
5 21440
3 9073
2 20890
4
5 29685
3 2604
3 16853
4
5 23667
1 73317
3 17982
3 5459
3 8862
1 73353
3 8376
5 4897
3 18958
5 8745
3 5561
5 2960
3 11923
5 6787
1 73446
3 6525
3 8950
3 2111
5 25172
3 4637
3 6820
3 17290
2 12727
3 19576
3 652
3 3371
3 2186
5 30030
5 4812
3 16388
3 16828
3 12290
3 739
5 4251
1 85335
3 5772
2 308
1 73503
3 8263
5 31535
3 7723
3 13657
3 7347
5 20601
5 20260
3 10249
3 19668
3 7365
3 5657
5 22397
5 21281
2 27816
1 73554
5 23975
3 13924
3 17350
3 906
3 14767
3 1454
3 14960
1 73210
5 23579
2 19045
3 11265
3 7157
3 1845
3 4674
3 2514
2 16401
4
3 15764
1 86825
3 4948
1 73623
4
1 73725
3 10578
5 28137
5 1525
3 17801
3 10902
3 12411
2 5617
5 12029
5 30223
1 89127
1 83116
3 15132
5 20400
2 2808
5 9723
5 20691
1 73800
2 28591
3 12118
3 5708
5 6636
4
3 12035
3 2322
3 16197
5 16072
3 12912
3 12806
3 12055
3 9908
5 31102
3 9051
2 10688
2 30271
3 19375
4
3 11229
2 2380
3 3495
5 21660
3 15775
3 3723
1 73790
1 73791
1 73852
5 3761
1 89183
3 15212
3 9413
3 9888
5 17758
3 11380
3 3286
5 5235
3 11467
3 8863
3 11314
3 10520
5 18017
3 4347
3 587
3 5133
3 8530
2 1688
3 759
5 29558
3 18486
3 15979
3 8657
3 16568
3 17993
1 90575
3 5889
3 19947
5 31045
3 9257
2 25414
5 18343
5 6317
3 5866
1 96517
5 32205
3 10618
5 7200
4
3 15766
1 73957
2 1284
3 5442
5 5352
3 10019
4
5 1848
3 8216
3 14136
3 4332
3 2258
1 74463
3 5224
