4
None
237
237
237
237
4
4
4
824
0
4
4
1383
0
4
2395
0
None
0
0
4012
4623
4
None
None
None
0
None
None
6660
0
6746
6746
4
7095
4
None
7911
4
0
4
None
0
9043
9341
4
4
0
0
4
None
4
0
4
0
None
None
4
None
12765
None
0
5344
4
12934
4
0
0
None
0
9975
7417
None
4
4
4
6856
None
14812
0
15245
None
None
0
4
16561
4
15148
4
4
10319
4555
1304
4
None
4
None
None
615
4
None
None
0
0
None
14692
4
0
4
None
23410
None
4
4
4
0
14377
1503
0
None
0
0
0
4
4
0
8015
9798
26974
None
None
None
4
4
0
4
20007
None
0
0
0
0
0
0
19012
0
0
0
0
25303
0
0
0
0
0
14191
0
9126
0
0
0
0
None
0
None
20709
0
0
0
0
27751
4
8822
27751
5526
0
0
0
0
27751
0
1683
3378
0
0
None
0
0
0
0
0
0
21617
6675
0
None
18264
0
None
0
0
0
0
0
0
2591
None
22145
4
0
0
0
0
None
27751
27751
0
5930
0
0
0
0
0
0
0
0
0
0
17255
0
0
4
None
0
0
0
0
0
0
0
4
8205
0
0
0
26266
0
0
None
0
0
0
19350
0
0
0
14615
918
0
0
0
0
4232
0
21269
0
8311
0
4067
0
None
0
0
6573
14377
0
19764
0
0
25084
0
9126
17439
0
None
0
4
0
8650
15732
3167
13381
None
4
13311
0
0
0
0
None
21515
0
11896
5258
0
27751
0
4
4
6242
0
None
0
0
0
0
21435
0
0
0
25214
23410
None
0
13858
18000
0
0
11489
0
0
0
0
None
0
0
0
0
0
0
0
0
0
None
4
0
8164
0
1429
0
0
0
0
20891
0
0
17255
0
21836
None
0
1683
0
27751
0
None
4
10698
None
0
None
15974
3542
4067
3413
0
0
0
None
0
0
None
0
None
26266
20450
18975
0
0
0
0
0
0
0
26028
23093
0
