21841662366623926251437045892177160112566458850909694703857578120416743109997628745929962236247417364424537493205152905638424946376665777090201873429982191673149960977457338452117960558707989113667199241179985264165871588967871958494146303846421022163890928802479917982744189072387399626670281411654442315106381100345814774731315937628423853430753392071271280437764210230921725313453354247346568668779470974368915535716245154734681067526435242
45086175647269665750783713377195956179761679718752968888578058589207896706984236434738437782940057510438456079797012576830911481489403263284713779045350369060930995454181911872359219996965172371823441025925547725826359855567403281136182298757706664332303387396124422279357634478636327630069487942565225949821309791260210975078280338829865795279860970748841825301716084648890269044923831788037437479202869497923330826986152299196870055056658156
6697790190379395262611365820453442949672904294967287429496728942949672954294967287429496728742949672924294967291429496729310114079610436660469757356935556773231232133827887876278368154489888396404468529301961654064854398051035921201835744232770083213640612021817151552734566187501722153772480600758982723494761277949166619893719108761478646627069252213715464208700706303350195096061695829761805229399096419691584256350143424636816507043503314238398040632882460572198146294758677732555611937438604038907438820150900327338548
14678223491410828882066190207310074862340221546017673744345108388004596341709992453112668519151047328359489043690673804801214725521459831957464512196822986374320570931617193977719435122065871520725330353609822038160142066092707692711137169688041345058521554486256660063580076812583959610497775591235269055569722393602808180108406516731386489134507448736564538572309834002745142854912951662578565791002112090864077393145171286534746020083994620
33356290101061993791735053877733581320117085350662188985329153743099727269106756336333389134918092754586635077464188573450413471882414737484181643597070004560694815312879488137358924819701524851573896631820721292552298734660340887661859817398070485611234228832329075907962953862280224512762083091115351033148090789731643982845361644386916178138548584798694787268427877794354190100178951375752626226097971390709092216521052864366715466380538704
25998033607111788966629604736290654294967294429496729204294967294429496728942949672944294967290429496728951694353018939118813312054811137085564580027902292244393116792552160613382930062695068224537504473770201362485608747904559579566993308267749578795265453741344990119466231017709279401264370513631551978686015816007644493423514747090624185323844143361203239048695319118852979991872667193456224808105711967153644551295576631548550719335629083550452891093341657887084143770247925311100022877665800911451714
30125164825252549783580592361521584294967290429496729042949672884294967292429496729004294967290429496729586762521611166777768114352285299642669654944361150464061179098052312870002852896206089348808159434889176544535509443038184954670780143333243569031208790600665298645045284357872711988708899963583433491107754436245369347246389801849329280748827717684779785928871960653545589306898731414662321919252029626681093065382894817164389489749262034516398600456919491047161098795507396840476730493489412108948723
25648433571357757250935037941129893481896249291379346301511229847671960453804319000595832299590654134120343514286430597690868531008607586426735775044511884637896174516283378749352737822627546679125903968890207765897533771887780478275190119604929957616519216812743681143939403013355040613095056566125559274212768689398473033546461478282532334524665808239326820087002772724628408474725404247504626253292763586607467397981852672869454567426494376
37159597190991730827718785488874620429496729342949672954294967293429496729000429496728852497118999817159033788968795157084403973732466726709631937153682843060415183773386483016025974944911705274421031111117103024455316294781305425726608701376365678934239659118021145185196783092760315436289969094092629169424575689632320020828076516799492159942227600751967170214165269758113983111089677095736759627354480135348034429242768117966087461489497967346667302421854546241289114064375193220994284
50034623431788144552380980487089174294967288429496729542949672894294967294429496729442949672884294967291429496729526141367049583117873324725041257457214862817604422458475594034012706871769029401764862661434768898579917245369148334741309333272721037497169640831818209681888177079985185784483948778258573101148041675251698711486553145322124327838417664338860442094879043668131983942808887378814767734769203235204491850543205503887810520471373803100235823801384118345693474237761662327523554983248737926150498915751555
