92 232 44
1 35 892
2 43 751
3 29 520
4 46 648
5 51 142
6 11 227
7 22 892
8 82 177
9 55 540
10 15 645
11 54 45
12 80 778
13 48 639
14 35 965
15 3 950
16 67 140
17 12 161
18 61 63
19 86 939
20 22 14
21 17 922
22 44 212
23 73 478
24 24 386
25 72 764
26 89 807
27 81 339
28 62 526
29 42 279
30 12 809
31 69 421
32 8 749
33 70 94
34 56 125
35 36 719
36 28 492
37 17 319
38 79 13
39 63 339
40 61 965
41 77 31
42 35 115
43 17 286
44 41 654
45 19 68
46 88 57
47 41 810
48 12 467
49 20 386
50 15 210
51 56 547
52 83 656
53 40 831
54 64 710
55 92 523
56 62 857
57 66 295
58 90 114
59 42 862
60 14 434
61 33 216
62 22 909
63 49 838
64 52 86
65 59 550
66 39 596
67 68 849
68 36 12
69 40 72
70 1 623
71 84 654
72 74 702
73 67 930
74 1 890
75 40 707
76 49 601
77 66 745
78 6 646
79 27 962
80 67 327
81 29 290
82 48 181
83 38 551
84 6 224
85 6 12
86 60 689
87 79 787
88 83 300
89 16 665
90 45 846
91 23 268
92 57 283
80 64 174
27 89 139
54 9 311
34 73 637
12 17 414
90 3 737
65 3 33
63 50 684
18 83 553
11 59 195
39 76 36
29 19 772
49 8 664
37 61 698
58 30 516
49 68 580
34 51 485
70 66 575
1 1 655
90 10 843
8 70 518
1 27 808
72 78 433
4 10 433
60 21 489
86 68 454
15 6 618
40 76 713
70 32 608
71 20 940
11 17 270
82 31 532
60 41 758
36 68 498
48 51 918
84 15 640
58 31 211
58 17 610
57 32 894
25 18 819
50 6 517
33 5 130
41 56 830
3 16 490
25 51 121
27 45 403
35 81 805
21 45 494
42 63 785
11 20 665
52 56 987
80 12 272
46 76 917
78 47 123
20 80 726
87 9 803
31 86 455
28 69 924
73 77 168
41 35 99
41 63 641
2 57 874
71 37 47
70 39 836
90 77 954
75 70 102
89 57 870
1 67 757
62 8 259
72 45 245
4 83 298
4 2 198
34 16 283
85 46 645
22 9 127
21 12 462
13 43 985
69 40 203
32 33 628
4 85 770
8 54 859
43 21 932
19 71 132
17 39 410
61 1 410
54 70 314
75 18 167
92 73 877
19 30 986
66 87 345
70 43 785
86 13 560
44 27 15
25 38 290
4 34 626
34 69 634
67 86 193
42 64 55
35 27 270
4 36 755
47 44 556
47 28 631
82 25 989
73 27 837
52 83 289
88 19 300
76 73 30
31 78 714
32 9 242
66 73 138
82 17 168
79 15 575
25 10 733
6 10 505
82 69 842
64 27 953
22 74 470
75 31 742
90 54 956
90 28 711
92 56 34
62 78 526
49 10 373
43 34 272
6 56 265
68 24 677
46 92 102
61 81 445
62 91 396
87 6 510
5 9 983
61 1 257
66 67 279
57 6 266
18 57 161
10 75 63
66 49 537
9 15 309
77 2 244
66 88 500
