901 2054 272
1 3 372
2 60 635
3 62 681
4 97 838
5 453 7
6 60 35
7 816 106
8 109 321
9 512 301
10 274 523
11 544 75
12 217 979
13 861 545
14 171 538
15 755 570
16 256 438
17 675 195
18 619 277
19 212 368
20 563 634
21 736 918
22 845 558
23 808 434
24 546 488
25 319 650
26 650 528
27 73 267
28 471 904
29 577 763
30 488 956
31 405 336
32 822 404
33 752 312
34 352 63
35 229 690
36 5 706
37 739 701
38 884 610
39 331 824
40 97 94
41 181 282
42 159 81
43 410 939
44 124 182
45 689 514
46 669 428
47 132 72
48 92 244
49 843 524
50 212 289
51 561 945
52 230 176
53 67 926
54 380 688
55 125 588
56 220 171
57 488 493
58 854 69
59 771 914
60 368 717
61 413 782
62 194 193
63 609 698
64 450 695
65 549 928
66 890 738
67 288 644
68 153 730
69 823 759
70 228 311
71 795 254
72 189 390
73 523 947
74 736 173
75 197 162
76 116 52
77 236 615
78 228 52
79 102 118
80 623 597
81 404 451
82 159 219
83 257 515
84 109 536
85 640 666
86 630 256
87 210 334
88 892 64
89 604 372
90 622 864
91 771 402
92 556 139
93 677 197
94 582 293
95 583 684
96 857 733
97 408 620
98 745 563
99 707 734
100 147 331
101 316 246
102 103 90
103 136 788
104 461 144
105 176 328
106 405 103
107 795 34
108 361 572
109 344 776
110 46 763
111 150 428
112 210 759
113 691 797
114 419 395
115 513 693
116 362 794
117 348 394
118 650 406
119 72 489
120 111 527
121 288 976
122 2 410
123 713 674
124 384 116
125 251 897
126 799 31
127 466 902
128 489 509
129 182 173
130 768 362
131 79 1000
132 230 15
133 798 144
134 217 51
135 145 363
136 678 213
137 218 306
138 772 24
139 459 922
140 859 878
141 877 774
142 157 992
143 26 571
144 417 916
145 738 540
146 220 601
147 243 479
148 746 183
149 855 287
150 566 434
151 18 715
152 338 841
153 370 375
154 587 514
155 736 594
156 503 440
157 460 384
158 60 31
159 324 881
160 327 863
161 551 754
162 598 575
163 103 634
164 813 668
165 411 519
166 541 451
167 551 602
168 348 995
169 187 608
170 236 703
171 409 650
172 544 954
173 542 304
174 525 91
175 683 730
176 837 100
177 409 271
178 92 701
179 662 489
180 284 14
181 622 832
182 98 789
183 763 526
184 21 365
185 804 491
186 624 672
187 11 339
188 27 285
189 756 244
190 216 69
191 58 996
192 381 787
193 231 379
194 281 491
195 846 212
196 99 101
197 404 818
198 214 393
199 443 977
200 43 580
201 24 882
202 402 60
203 371 587
204 414 401
205 106 678
206 48 493
207 637 9
208 237 725
209 304 966
210 492 944
211 683 724
212 773 751
213 743 437
214 272 230
215 245 121
216 387 379
217 48 164
218 234 228
219 480 539
220 177 213
221 426 213
222 815 306
223 636 775
224 401 122
225 141 984
226 263 85
227 733 391
228 302 431
229 388 409
230 344 597
231 452 344
232 834 903
233 406 624
234 2 863
235 665 788
236 539 738
237 76 56
238 491 780
239 273 824
240 345 825
241 191 217
242 150 961
243 619 798
244 667 475
245 582 359
246 143 973
247 410 781
248 787 243
249 94 80
250 369 142
251 80 140
252 303 167
253 723 177
254 435 213
255 394 595
256 395 91
257 795 586
258 19 645
259 731 746
260 195 932
261 473 973
262 71 935
263 235 711
264 23 53
265 39 715
266 310 265
267 447 621
268 685 565
269 556 983
270 419 154
271 479 511
272 591 815
273 432 769
274 425 232
275 854 481
276 294 417
277 568 4
278 169 779
279 668 168
280 75 469
281 65 545
282 816 991
283 183 469
284 819 172
285 601 874
286 94 950
287 301 214
288 446 302
289 743 584
290 329 611
291 737 701
292 521 258
293 271 341
294 835 128
295 185 399
296 719 733
297 597 650
298 626 569
299 605 142
300 687 867
301 679 386
302 697 967
303 169 791
304 568 495
305 464 445
306 45 158
307 564 853
308 146 657
309 159 398
310 307 327
311 260 332
312 875 954
313 389 246
314 726 270
315 529 7
316 412 938
317 745 887
318 407 293
319 589 778
320 469 979
321 832 298
322 667 808
323 815 65
324 289 452
325 130 729
326 876 47
327 197 879
328 555 726
329 456 77
330 753 159
331 297 719
332 307 778
333 785 577
334 223 881
335 230 695
336 276 513
337 650 453
338 370 217
339 700 680
340 882 891
341 686 181
342 444 681
343 731 936
344 809 441
345 852 23
346 552 556
347 689 848
348 398 491
349 678 488
350 120 635
351 661 278
352 638 731
353 748 592
354 247 139
355 294 28
356 6 631
357 894 201
358 400 180
359 96 543
360 270 739
361 622 492
362 324 572
363 410 177
364 852 284
365 575 717
366 761 250
367 147 944
368 210 670
369 189 690
370 698 43
371 107 348
372 625 199
373 611 607
374 207 985
375 422 29
376 793 826
377 648 797
378 247 575
379 402 938
380 458 774
381 185 262
382 83 214
383 751 859
384 870 780
385 771 554
386 678 964
387 709 632
388 816 69
389 871 742
390 681 863
391 107 864
392 105 857
393 137 776
394 612 726
395 101 883
396 520 752
397 154 884
398 878 273
399 236 872
400 368 381
401 818 826
402 586 652
403 402 88
404 270 814
405 697 318
406 383 71
407 545 273
408 487 854
409 133 638
410 29 673
411 708 140
412 13 347
413 21 712
414 179 193
415 830 48
416 676 969
417 585 49
418 36 419
419 819 836
420 427 188
421 811 647
422 124 121
423 294 161
424 563 18
425 8 656
426 19 623
427 590 358
428 142 167
429 359 704
430 206 766
431 552 665
432 109 678
433 30 991
434 327 370
435 94 749
436 642 815
437 69 105
438 29 316
439 342 950
440 808 420
441 399 236
442 184 809
443 446 399
444 213 387
445 540 190
446 453 577
447 894 220
448 303 519
449 139 628
450 737 865
451 24 681
452 314 495
453 825 668
454 4 521
455 312 210
456 414 541
457 176 548
458 478 950
459 702 40
460 288 895
461 727 24
462 106 697
463 843 658
464 900 210
465 464 160
466 854 751
467 802 865
468 29 666
469 59 608
470 170 551
471 123 259
472 848 500
473 805 895
474 501 327
475 420 41
476 573 685
477 125 200
478 457 759
479 14 138
480 496 807
481 683 692
482 619 205
483 119 590
484 652 643
485 856 333
486 195 551
487 223 99
488 729 362
489 417 180
490 61 476
491 757 915
492 225 690
493 295 5
494 449 651
495 262 35
496 534 544
497 181 158
498 422 890
499 135 286
500 395 680
501 360 84
502 196 688
503 364 712
504 859 526
505 640 837
506 793 956
507 37 316
508 679 185
509 32 95
510 804 516
511 795 175
512 270 290
513 600 791
514 865 263
515 505 139
516 451 906
517 350 395
518 169 851
519 255 532
520 849 569
521 102 433
522 370 351
523 812 654
524 285 152
525 398 189
526 795 291
527 26 365
528 242 560
529 17 960
530 295 35
531 279 11
532 263 88
533 835 939
534 230 256
535 142 974
536 27 707
537 830 600
538 518 271
539 669 551
540 379 679
541 115 609
542 808 703
543 599 861
544 369 807
545 571 327
546 782 711
547 842 752
548 454 170
549 721 917
550 134 374
551 800 902
552 374 331
553 476 570
554 709 113
555 522 545
556 303 31
557 75 506
558 444 737
559 854 367
560 521 594
561 168 926
562 434 819
563 410 424
564 792 970
565 846 431
566 894 702
567 835 628
568 312 705
569 662 639
570 626 768
571 254 691
572 490 112
573 395 864
574 752 633
575 230 571
576 708 119
577 780 851
578 748 142
579 530 5
580 666 478
581 278 115
582 462 759
583 616 680
584 446 735
585 10 471
586 308 913
587 610 725
588 281 465
589 662 499
590 428 422
591 265 609
592 799 758
593 238 32
594 398 256
595 579 990
596 175 790
597 586 199
598 510 554
599 49 802
600 664 266
601 399 26
602 337 255
603 165 598
604 197 274
605 491 596
606 517 160
607 893 65
608 800 296
609 676 995
610 308 226
611 132 555
612 598 715
613 102 285
614 458 958
615 331 954
616 334 485
617 614 632
618 843 288
619 730 480
620 716 901
621 295 865
622 377 928
623 542 275
624 339 621
625 421 102
626 715 676
627 530 92
628 468 628
629 320 36
630 507 260
631 62 544
632 339 518
633 230 682
634 603 228
635 709 986
636 319 343
637 755 155
638 719 62
639 448 255
640 322 564
641 206 544
642 739 22
643 611 977
644 493 387
645 303 180
646 166 844
647 838 965
648 612 133
649 93 934
650 644 389
651 39 948
652 710 243
653 880 379
654 660 689
655 104 470
656 704 598
657 323 113
658 613 630
659 78 498
660 767 949
661 808 813
662 201 581
663 853 287
664 894 739
665 512 445
666 643 32
667 890 415
668 369 647
669 710 47
670 339 730
671 671 366
672 588 298
673 859 433
674 687 967
675 65 695
676 525 684
677 493 863
678 122 135
679 63 567
680 879 384
681 358 872
682 485 983
683 326 417
684 429 475
685 317 736
686 672 825
687 2 608
688 826 953
689 469 192
690 621 215
691 438 56
692 426 600
693 846 322
694 122 963
695 193 310
696 212 291
697 769 469
698 175 858
699 445 899
700 267 824
701 140 623
702 324 172
703 893 541
704 612 723
705 210 678
706 527 119
707 360 518
708 604 345
709 451 782
710 369 473
711 700 234
712 477 557
713 781 94
714 165 993
715 511 789
716 776 198
717 179 483
718 209 998
719 790 27
720 797 639
721 463 779
722 630 678
723 523 999
724 341 509
725 295 435
726 154 936
727 765 277
728 417 453
729 126 362
730 221 819
731 84 232
732 96 972
733 134 387
734 792 781
735 280 308
736 238 909
737 79 447
738 137 684
739 823 636
740 336 23
741 357 769
742 212 577
743 674 590
744 145 356
745 471 328
746 222 720
747 487 818
748 683 163
749 736 777
750 375 562
751 815 679
752 449 150
753 739 234
754 836 419
755 314 246
756 437 525
757 650 176
758 825 180
759 673 4
760 863 817
761 243 810
762 831 873
763 209 892
764 439 730
765 712 924
766 320 332
767 773 44
768 283 618
769 651 525
770 462 952
771 619 859
772 533 760
773 653 809
774 593 552
775 546 337
776 217 565
777 35 223
778 124 14
779 406 943
780 817 738
781 623 932
782 66 948
783 298 130
784 112 440
785 425 534
786 799 150
787 290 493
788 470 879
789 541 186
790 790 989
791 465 388
792 71 432
793 573 351
794 894 134
795 61 978
796 714 426
797 259 737
798 829 217
799 67 275
800 590 921
801 804 311
802 812 131
803 546 610
804 468 442
805 619 196
806 581 116
807 708 101
808 201 657
809 480 274
810 408 714
811 492 684
812 112 675
813 677 875
814 479 740
815 622 334
816 615 772
817 192 502
818 480 271
819 100 124
820 34 883
821 895 256
822 338 45
823 47 708
824 97 657
825 644 440
826 791 793
827 847 199
828 604 5
829 598 946
830 563 676
831 102 611
832 837 810
833 724 357
834 897 507
835 336 698
836 51 576
837 34 149
838 787 911
839 486 121
840 100 719
841 182 361
842 541 436
843 235 410
844 701 575
845 103 150
846 512 906
847 207 858
848 721 563
849 68 650
850 573 31
851 793 908
852 689 769
853 340 258
854 495 643
855 630 932
856 362 4
857 478 149
858 643 962
859 100 653
860 192 722
861 447 287
862 304 870
863 376 579
864 442 894
865 524 295
866 597 58
867 883 314
868 358 583
869 311 265
870 516 656
871 843 717
872 84 151
873 482 980
874 160 484
875 854 176
876 619 189
877 71 685
878 33 263
879 103 422
880 692 844
881 488 35
882 140 293
883 879 924
884 223 849
885 42 217
886 648 927
887 224 804
888 552 369
889 837 167
890 406 602
891 498 283
892 297 57
893 726 344
894 336 806
895 790 556
896 646 628
897 623 446
898 288 303
899 687 498
900 162 737
901 659 226
473 129 411
591 395 809
419 463 5
332 273 886
198 404 904
179 737 10
531 203 409
636 485 399
208 251 699
401 767 588
524 157 889
106 372 757
89 674 589
480 295 824
713 779 564
321 392 158
873 109 20
795 631 388
235 806 272
475 878 210
775 839 180
26 202 797
192 795 851
258 669 488
69 897 717
743 174 880
415 217 513
810 504 24
616 396 909
272 169 468
459 207 606
308 250 946
139 382 526
204 697 514
113 782 310
250 814 839
191 776 994
821 728 856
719 606 466
654 444 63
787 174 773
84 68 651
420 566 812
755 136 283
138 36 787
148 695 187
35 67 638
100 594 517
25 399 379
735 828 243
540 65 912
845 413 893
239 369 76
130 223 385
703 240 976
221 715 333
864 508 942
564 313 540
119 195 703
866 533 822
195 175 115
825 48 292
472 422 904
616 124 717
393 679 775
357 313 118
237 365 35
842 756 265
113 418 357
773 506 512
368 184 218
864 397 215
255 241 803
834 557 778
219 67 403
710 438 656
799 722 208
300 482 894
266 497 135
36 58 665
121 383 636
750 434 842
616 384 153
329 739 140
773 637 184
569 536 268
870 556 123
865 503 317
804 208 655
171 813 93
661 739 332
851 394 40
200 659 628
190 800 345
221 370 69
473 350 281
286 419 438
700 539 645
433 440 14
639 398 516
593 305 680
137 157 723
173 373 540
128 543 766
85 687 877
18 468 306
534 392 485
651 809 996
864 350 867
633 292 370
752 815 742
319 353 491
233 722 727
346 185 799
299 462 156
353 536 488
338 663 425
413 111 124
598 900 297
259 333 113
83 94 912
224 752 82
452 319 401
479 867 364
855 382 8
135 451 673
563 529 4
582 299 366
51 524 874
356 181 375
309 539 966
23 405 543
336 868 813
453 475 103
56 182 109
799 474 77
564 474 859
116 623 292
849 19 2
887 576 326
568 268 174
812 805 678
162 619 347
601 545 794
50 798 131
300 796 292
528 195 432
163 83 536
282 488 343
640 336 42
398 467 244
202 227 73
314 458 153
284 227 614
806 881 797
319 632 618
604 799 815
27 204 894
824 843 118
207 442 381
300 403 684
525 863 612
333 498 196
235 5 595
394 290 66
766 736 213
545 795 503
184 219 955
556 417 460
710 155 814
374 760 787
448 336 199
356 142 999
710 854 825
471 443 111
752 139 359
443 853 409
197 62 519
642 161 845
291 356 485
270 42 177
65 177 751
574 59 979
150 315 460
217 740 593
520 778 46
299 644 296
660 397 387
570 122 465
813 787 103
553 732 554
297 406 486
695 892 853
78 155 452
607 262 662
7 360 55
39 152 608
230 832 254
254 734 105
882 434 961
676 293 402
188 785 282
652 604 255
219 147 534
130 93 375
73 880 925
415 626 929
335 831 186
196 277 897
897 730 474
509 7 915
799 565 599
508 515 633
413 781 921
92 421 718
106 215 58
266 8 993
811 128 995
409 162 491
850 239 390
426 287 605
705 127 731
473 792 728
123 495 520
376 746 139
391 342 480
768 648 143
257 623 604
890 353 607
673 699 528
205 125 268
778 172 334
353 260 251
12 504 55
157 543 478
709 768 83
1 273 30
654 44 265
94 884 201
368 818 490
842 459 11
593 357 868
624 486 979
331 618 509
755 518 805
579 781 794
559 64 950
674 551 100
647 891 425
600 51 869
775 769 396
428 696 180
390 84 44
494 513 388
867 521 488
217 166 540
803 144 310
650 792 606
843 780 836
295 885 521
271 679 623
523 794 53
314 271 615
583 822 531
533 105 352
452 128 821
831 446 881
585 382 432
531 480 852
477 823 541
542 166 296
423 726 167
594 705 711
555 218 973
119 90 28
761 548 912
549 15 486
564 751 88
201 478 666
538 108 266
692 898 273
178 495 868
666 731 78
551 206 605
466 797 518
274 107 321
815 24 491
666 881 818
212 458 520
842 516 695
394 85 759
53 132 455
604 375 679
455 483 179
60 146 970
230 368 456
404 469 361
681 113 755
172 816 470
365 149 995
358 209 424
476 667 553
456 732 85
768 147 98
317 278 500
529 569 852
791 885 407
882 428 335
878 899 628
8 885 629
885 821 290
880 668 219
254 866 233
206 529 913
455 559 790
104 370 416
631 558 923
347 58 186
196 684 592
207 128 841
154 645 159
897 445 475
419 803 583
318 181 814
443 42 193
780 219 972
90 896 429
676 124 996
576 152 245
148 38 595
287 466 680
762 548 20
40 643 259
889 250 277
463 616 712
84 441 379
686 770 964
395 643 291
796 545 346
775 124 907
141 13 647
462 191 880
335 529 822
62 611 304
795 590 776
486 336 250
474 67 374
158 455 126
885 566 155
887 89 47
57 647 152
74 100 313
333 853 701
550 724 91
73 637 332
604 183 677
499 309 507
781 28 831
283 342 57
867 39 487
568 373 518
238 688 796
305 785 524
75 862 124
15 718 797
689 621 865
658 119 986
353 793 553
858 218 461
309 692 401
291 881 431
382 532 819
791 729 583
745 186 481
248 740 927
79 887 81
125 581 456
289 309 385
120 513 253
508 90 150
872 101 197
475 113 840
104 141 34
722 249 619
497 520 696
143 573 317
279 674 383
145 552 653
794 885 198
850 125 100
643 43 189
869 688 251
749 510 2
813 500 142
459 759 140
497 170 987
33 59 638
432 746 805
597 722 290
171 22 381
840 224 432
231 516 14
300 644 830
599 450 632
87 137 243
449 446 479
410 66 76
678 702 861
606 883 135
730 627 308
459 321 275
5 837 201
351 36 267
264 182 141
743 428 70
27 893 127
438 610 937
392 136 115
24 264 767
263 364 717
567 607 465
113 437 763
309 364 361
441 50 517
302 796 66
303 495 905
609 56 783
571 620 584
528 456 846
404 105 529
300 8 440
627 180 71
117 778 861
732 128 290
810 825 133
142 606 738
480 51 524
844 350 260
546 295 174
591 600 868
44 119 686
260 117 109
148 494 873
161 26 822
195 801 507
148 869 470
279 13 364
490 747 420
140 2 599
250 99 772
63 5 100
107 198 142
737 803 974
843 37 444
21 810 918
797 97 272
591 284 390
784 433 150
249 445 829
33 885 564
13 881 877
103 695 109
57 534 292
565 582 582
260 124 43
616 889 646
67 821 286
391 55 824
459 510 554
702 798 687
273 452 164
712 518 543
560 379 829
641 282 59
750 773 598
735 614 158
494 812 990
225 90 220
750 241 221
803 860 299
58 472 100
511 365 831
209 463 119
344 525 567
871 888 779
684 415 639
881 596 867
709 535 714
131 592 965
767 100 963
637 204 7
378 3 566
154 762 418
465 288 257
618 628 671
657 739 786
750 64 52
867 675 216
594 236 817
72 826 947
430 209 389
565 267 192
142 31 190
825 596 310
290 865 595
500 846 293
183 436 123
450 755 721
315 79 716
703 882 421
718 359 752
773 110 475
833 484 702
208 481 94
479 610 679
369 853 233
417 400 170
280 73 556
852 300 24
736 132 723
614 118 97
35 725 457
528 282 700
352 83 903
124 785 14
497 544 94
399 696 136
890 128 540
451 556 38
702 607 1
798 681 140
808 666 762
19 429 244
756 791 688
503 274 204
31 269 808
689 309 26
446 275 669
741 206 6
547 536 782
645 300 76
623 825 514
252 889 965
808 373 181
785 21 678
550 346 920
517 192 524
432 16 676
171 467 825
625 497 507
535 688 638
560 558 396
79 489 864
214 713 232
109 268 876
795 659 414
684 862 977
314 135 146
881 143 752
144 796 916
645 44 698
613 27 953
759 368 561
341 298 990
294 346 265
664 37 189
601 423 823
162 835 358
885 530 8
656 757 66
839 437 161
561 77 518
881 593 464
273 581 348
779 829 212
630 357 328
885 494 148
78 404 925
502 630 983
266 719 799
810 210 352
75 755 444
189 47 532
322 746 813
121 586 659
268 57 449
765 859 856
465 398 308
437 787 475
807 480 47
73 688 318
124 11 433
619 204 808
469 386 585
421 657 736
208 573 414
308 587 290
455 370 584
47 660 702
802 660 263
528 506 974
445 754 388
562 367 84
747 860 168
870 104 894
576 527 641
728 211 278
322 869 813
350 568 776
82 552 749
5 280 271
607 156 802
426 434 57
368 859 495
342 456 426
852 821 501
8 812 186
670 195 290
144 257 615
114 467 89
472 386 139
132 579 371
854 583 138
524 647 828
86 627 687
605 787 431
690 741 903
529 669 955
224 6 88
831 22 705
619 545 466
521 874 276
877 168 132
305 412 99
289 431 693
650 132 37
5 331 847
763 657 291
221 580 451
421 876 212
812 429 769
85 663 288
602 76 492
533 628 790
593 269 170
744 302 661
753 520 848
164 115 204
525 295 229
225 217 965
30 469 249
783 27 396
858 269 763
728 617 336
162 489 716
593 371 284
133 293 665
636 543 517
537 21 496
717 35 596
326 43 355
236 216 25
54 103 777
617 100 365
108 306 537
864 893 151
839 39 726
104 109 564
264 98 963
270 206 832
883 813 521
120 114 84
583 224 649
885 725 230
129 588 798
787 628 395
632 672 853
414 233 884
310 119 527
236 719 348
607 251 580
720 87 168
700 110 903
201 742 165
644 268 601
263 823 796
137 208 365
32 419 738
898 178 684
77 650 658
34 474 226
806 382 386
207 699 715
22 84 654
292 539 965
143 768 713
47 194 791
894 869 752
50 847 342
468 97 718
704 151 41
543 400 442
203 733 250
439 84 438
392 51 478
286 276 287
324 694 534
599 251 80
77 448 192
832 138 982
499 881 999
466 659 107
134 386 110
709 124 925
829 367 680
319 133 701
559 578 302
688 809 249
585 814 364
376 756 37
97 409 233
188 88 229
211 109 230
123 850 741
477 58 951
276 275 114
702 61 166
77 196 720
433 204 500
202 267 438
468 306 750
589 103 67
29 556 115
861 470 936
632 865 669
815 115 497
446 301 401
67 770 195
184 144 859
721 286 446
616 563 436
625 359 873
41 63 694
707 54 105
836 31 236
587 622 979
524 833 500
248 595 604
786 139 978
318 566 598
204 385 193
671 77 14
568 170 808
564 749 96
640 82 762
750 277 140
726 833 80
628 821 27
686 49 482
47 644 467
148 191 657
104 792 234
665 150 349
505 404 314
93 506 607
46 168 74
485 209 779
476 402 702
237 88 105
576 37 946
708 362 590
297 421 157
641 876 64
758 618 959
252 367 390
34 460 415
455 368 454
221 96 634
426 75 403
52 714 610
583 860 365
46 33 155
527 75 373
327 75 717
118 69 289
174 806 378
145 855 896
221 4 432
661 24 975
346 328 499
439 593 755
45 826 18
65 770 494
156 91 186
645 614 587
306 267 691
494 547 638
163 193 720
481 838 314
813 106 940
301 380 56
637 760 93
723 277 125
326 377 172
368 797 950
602 444 974
680 269 758
16 25 324
719 643 36
657 70 449
806 801 550
653 109 749
223 363 966
71 338 872
417 511 391
107 413 641
113 105 27
163 13 987
592 392 896
200 599 992
534 354 505
373 57 968
94 451 329
515 224 420
298 810 323
616 671 135
377 240 568
513 229 799
50 119 256
112 390 146
661 365 52
729 485 84
126 870 796
112 433 674
492 825 523
196 572 587
558 192 124
302 791 832
100 181 46
543 466 105
365 482 566
372 286 778
96 186 220
227 231 656
765 898 374
465 847 341
3 553 7
897 8 499
398 566 223
814 143 395
635 229 73
602 861 333
48 302 937
55 82 284
579 692 50
555 656 634
9 35 999
788 842 410
30 244 517
893 288 302
492 14 900
566 553 32
439 706 969
59 294 685
246 304 183
606 268 755
806 112 653
251 323 563
854 189 83
208 523 84
358 221 167
491 430 478
782 610 939
822 133 228
532 686 814
843 197 793
12 1 413
272 76 330
447 245 949
342 821 218
294 224 390
78 143 793
837 450 395
300 289 798
684 703 462
748 192 702
484 486 200
855 867 604
209 497 460
442 736 665
302 150 241
411 242 463
62 582 12
508 856 930
824 121 544
88 52 48
575 424 383
589 789 190
620 55 277
128 874 92
876 566 251
545 682 690
630 220 608
895 894 842
137 236 596
565 347 663
708 223 851
22 485 225
15 737 835
641 662 711
1 93 682
238 34 943
307 515 581
690 549 168
13 537 182
688 313 564
673 852 967
409 790 118
235 416 634
666 466 257
627 699 184
193 462 278
387 683 973
218 586 379
253 728 654
122 189 336
17 38 225
897 813 389
407 554 573
279 836 861
320 644 810
414 139 301
264 326 980
845 131 249
553 139 289
782 336 350
481 661 289
900 313 275
653 429 203
79 706 847
141 889 320
127 548 532
226 218 173
845 767 497
894 694 399
444 637 525
690 180 875
888 592 103
593 26 269
140 189 604
719 630 641
687 163 433
470 805 428
461 812 415
246 309 992
190 616 978
206 713 587
603 856 618
330 29 500
316 223 907
224 548 776
596 360 902
163 604 484
424 760 311
104 396 782
272 811 3
130 219 635
298 560 601
214 771 82
702 763 977
263 777 630
583 837 851
539 494 940
765 897 249
772 877 895
270 364 689
851 72 755
685 370 665
615 744 33
72 252 22
806 232 344
681 593 104
154 891 780
745 61 493
792 463 528
471 328 270
707 73 770
489 420 787
509 592 267
651 275 784
126 40 58
570 399 19
884 308 562
700 900 243
128 335 420
896 244 914
461 25 96
241 111 367
867 170 573
847 206 876
246 882 583
782 511 239
393 372 477
160 82 335
670 853 230
53 551 190
89 564 519
584 308 311
633 285 104
425 824 876
438 432 336
641 115 994
82 331 632
608 76 202
727 527 347
221 703 941
794 748 131
154 796 594
91 652 59
668 123 398
632 872 542
735 416 251
410 385 858
636 384 124
491 266 809
27 603 835
66 445 89
253 731 197
285 52 595
898 300 630
892 313 999
24 578 743
870 695 711
757 620 22
533 234 743
757 384 688
442 782 191
768 435 628
31 515 757
377 808 66
503 223 751
283 822 238
203 121 585
546 37 290
347 205 965
77 838 426
251 43 374
89 552 800
865 558 430
48 517 91
621 800 804
237 544 4
258 50 492
536 590 841
608 851 828
187 657 767
803 144 174
613 200 118
119 514 619
713 889 80
538 305 575
463 331 486
405 201 850
144 243 145
196 201 164
285 230 846
135 120 780
346 542 369
450 592 911
488 855 401
206 774 57
828 474 411
436 870 240
489 203 856
58 228 930
300 671 15
37 429 638
777 617 872
840 649 630
309 76 775
299 76 930
733 278 792
783 708 300
130 168 397
753 113 820
271 629 251
419 602 400
12 755 12
254 713 625
173 206 92
300 659 722
848 554 852
830 67 28
66 335 40
67 235 493
278 98 778
649 250 252
867 69 488
87 656 61
788 290 736
32 816 246
508 694 599
164 289 68
109 12 481
362 793 731
604 252 856
211 572 414
800 898 336
268 563 340
5 805 116
137 799 386
297 842 553
713 817 909
456 842 219
591 678 427
104 310 432
230 705 695
33 507 354
2 405 511
360 86 602
361 140 978
159 113 12
14 540 463
182 358 329
320 550 642
710 162 268
241 48 104
192 342 555
762 176 760
202 508 978
3 112 641
633 629 909
775 305 675
48 588 108
10 414 477
879 327 397
254 651 392
370 238 392
738 417 658
437 300 22
41 196 223
669 372 607
86 642 650
828 210 967
736 507 496
778 54 219
495 411 954
201 188 798
385 693 213
783 52 428
119 406 65
701 723 33
124 248 56
