96 216 78
1 29 636
2 74 209
3 67 305
4 51 508
5 3 319
6 49 348
7 71 63
8 65 690
9 13 347
10 63 333
11 16 592
12 9 40
13 68 813
14 38 816
15 1 708
16 70 506
17 68 86
18 75 994
19 51 564
20 9 358
21 63 75
22 74 796
23 79 575
24 54 809
25 90 428
26 81 253
27 85 289
28 4 883
29 46 222
30 65 708
31 88 799
32 1 918
33 41 426
34 16 313
35 64 277
36 76 331
37 74 475
38 41 893
39 39 41
40 25 846
41 40 395
42 74 238
43 92 117
44 16 517
45 44 407
46 69 556
47 35 896
48 14 780
49 18 862
50 32 959
51 83 957
52 2 204
53 12 887
54 21 174
55 54 379
56 18 31
57 63 736
58 50 921
59 13 755
60 52 750
61 4 95
62 26 816
63 41 165
64 85 971
65 72 629
66 35 402
67 83 452
68 85 351
69 12 702
70 54 551
71 37 77
72 9 357
73 38 194
74 82 918
75 47 524
76 88 757
77 31 343
78 73 696
79 20 487
80 31 203
81 51 981
82 65 403
83 10 89
84 13 981
85 84 104
86 52 224
87 93 568
88 39 257
89 6 538
90 49 526
91 12 687
92 69 12
93 36 463
94 89 84
95 42 309
96 50 20
26 39 611
27 62 764
16 63 530
87 24 842
68 91 339
65 7 559
23 15 2
5 65 122
29 22 11
21 20 792
57 94 919
50 48 144
88 14 736
83 87 456
9 91 226
39 85 375
49 34 469
35 82 845
87 47 360
92 61 857
25 47 113
41 64 310
48 60 568
79 61 187
34 46 16
76 1 644
54 49 580
67 26 960
12 16 316
12 6 690
65 81 875
27 28 669
14 29 204
93 30 462
53 6 973
87 51 413
72 73 477
73 95 41
70 32 703
78 10 479
39 56 247
70 24 563
41 82 873
13 43 53
89 20 226
83 22 11
28 15 286
79 82 158
84 13 778
25 85 350
88 33 611
61 85 206
1 81 232
65 41 806
53 75 443
9 83 796
78 43 715
80 44 61
93 64 817
70 93 709
52 65 158
42 73 546
21 3 438
10 66 936
37 73 979
70 42 580
73 64 365
39 94 90
26 76 767
14 63 509
87 11 317
38 5 963
91 63 783
27 47 552
30 24 494
6 12 632
15 29 75
15 67 142
7 91 951
84 55 986
37 9 241
19 16 230
52 2 159
43 41 288
36 3 36
50 37 804
72 48 338
77 73 105
48 9 686
85 21 868
54 27 197
67 18 541
29 16 35
1 38 430
77 73 68
50 93 708
56 35 399
46 90 596
4 38 339
63 81 63
50 92 619
73 93 2
2 41 819
5 11 558
48 1 123
77 16 318
48 72 479
53 42 146
49 1 714
30 85 337
66 89 479
13 94 893
31 15 745
39 92 93
67 43 196
92 49 550
24 95 165
85 44 743
96 68 365
53 85 929
