970 2832 266
1 619 391
2 801 204
3 766 230
4 148 724
5 366 262
6 537 322
7 435 156
8 64 644
9 459 836
10 77 159
11 553 339
12 83 910
13 506 982
14 120 667
15 618 145
16 379 508
17 444 851
18 348 298
19 219 792
20 579 574
21 634 726
22 305 901
23 830 396
24 842 638
25 87 360
26 596 17
27 267 440
28 396 667
29 327 475
30 872 895
31 430 778
32 235 127
33 167 673
34 274 819
35 246 290
36 563 592
37 427 443
38 368 13
39 942 782
40 50 307
41 28 571
42 622 91
43 52 441
44 708 532
45 891 946
46 504 293
47 365 776
48 365 680
49 497 482
50 119 519
51 907 572
52 126 547
53 885 726
54 37 227
55 384 867
56 610 714
57 431 196
58 641 796
59 53 950
60 480 130
61 943 122
62 563 708
63 15 764
64 749 167
65 55 806
66 556 639
67 157 774
68 196 79
69 816 253
70 184 438
71 879 881
72 529 796
73 966 725
74 757 501
75 675 23
76 503 117
77 234 331
78 819 13
79 962 350
80 878 765
81 953 934
82 151 515
83 5 640
84 792 467
85 821 769
86 447 799
87 321 505
88 27 432
89 914 317
90 268 438
91 344 468
92 234 164
93 731 501
94 659 640
95 323 823
96 515 290
97 732 288
98 328 434
99 779 970
100 262 167
101 354 619
102 297 949
103 534 404
104 348 143
105 589 660
106 787 22
107 112 6
108 793 744
109 800 392
110 183 508
111 537 453
112 663 429
113 209 126
114 526 13
115 710 708
116 134 508
117 663 977
118 550 89
119 59 688
120 99 320
121 678 274
122 426 765
123 234 571
124 236 40
125 569 596
126 499 330
127 124 426
128 864 47
129 692 766
130 12 123
131 559 551
132 478 226
133 454 85
134 791 211
135 395 687
136 520 532
137 200 815
138 155 900
139 255 84
140 222 109
141 445 537
142 306 73
143 231 212
144 720 647
145 100 898
146 160 125
147 172 105
148 451 464
149 318 318
150 438 794
151 304 175
152 968 451
153 63 236
154 565 219
155 863 682
156 954 647
157 353 239
158 496 498
159 235 429
160 105 374
161 598 505
162 18 707
163 746 267
164 665 7
165 153 347
166 797 342
167 962 914
168 103 460
169 570 319
170 893 1
171 311 179
172 329 293
173 588 791
174 307 388
175 322 676
176 341 315
177 962 171
178 105 44
179 73 310
180 58 510
181 11 678
182 309 385
183 50 343
184 519 816
185 363 449
186 877 87
187 144 609
188 57 791
189 204 879
190 958 16
191 941 536
192 113 127
193 671 847
194 11 873
195 756 24
196 750 342
197 650 414
198 398 8
199 360 654
200 869 878
201 515 610
202 293 341
203 18 986
204 938 526
205 689 792
206 924 214
207 224 43
208 315 178
209 115 783
210 460 881
211 50 651
212 495 974
213 829 27
214 256 790
215 216 719
216 833 487
217 737 619
218 55 346
219 186 544
220 376 826
221 563 115
222 572 605
223 572 140
224 383 707
225 815 826
226 400 620
227 869 110
228 558 519
229 11 749
230 118 561
231 694 625
232 907 818
233 49 818
234 55 14
235 949 425
236 467 890
237 228 798
238 95 766
239 762 59
240 569 130
241 472 656
242 124 364
243 480 840
244 624 265
245 87 484
246 476 481
247 765 678
248 764 224
249 326 993
250 563 514
251 83 527
252 125 559
253 580 627
254 402 368
255 172 712
256 90 969
257 828 553
258 91 639
259 289 427
260 14 371
261 407 896
262 588 199
263 634 397
264 472 697
265 475 919
266 711 806
267 689 961
268 470 81
269 183 217
270 500 572
271 379 691
272 921 685
273 110 862
274 377 301
275 575 974
276 258 174
277 599 17
278 303 387
279 463 983
280 243 868
281 864 739
282 549 569
283 6 751
284 196 879
285 151 247
286 106 561
287 12 572
288 456 849
289 280 293
290 252 695
291 479 497
292 670 649
293 660 248
294 603 740
295 135 154
296 138 777
297 78 967
298 295 812
299 598 209
300 543 713
301 242 303
302 497 544
303 111 684
304 663 203
305 759 855
306 878 421
307 501 764
308 621 413
309 863 283
310 693 746
311 881 775
312 486 642
313 858 410
314 751 798
315 775 791
316 956 288
317 155 960
318 203 520
319 164 497
320 658 899
321 486 924
322 548 174
323 642 223
324 725 489
325 456 651
326 581 151
327 441 462
328 919 12
329 918 476
330 734 48
331 414 937
332 726 716
333 839 466
334 828 746
335 131 236
336 796 962
337 710 173
338 208 602
339 107 538
340 134 774
341 784 481
342 11 721
343 906 48
344 31 386
345 524 405
346 617 642
347 622 303
348 386 212
349 275 829
350 684 734
351 901 574
352 947 824
353 45 176
354 418 379
355 88 125
356 759 108
357 558 499
358 288 248
359 114 811
360 904 898
361 311 269
362 394 147
363 740 761
364 738 937
365 269 961
366 186 323
367 716 629
368 65 324
369 933 39
370 723 270
371 861 544
372 778 434
373 374 499
374 182 549
375 592 713
376 308 92
377 98 740
378 553 155
379 581 864
380 580 922
381 631 302
382 128 74
383 566 275
384 711 943
385 696 464
386 496 230
387 386 108
388 912 872
389 227 871
390 566 231
391 399 232
392 347 385
393 742 322
394 445 587
395 131 914
396 71 840
397 904 196
398 706 106
399 97 294
400 228 568
401 478 989
402 35 537
403 128 343
404 215 183
405 176 305
406 540 391
407 9 530
408 63 601
409 556 351
410 766 547
411 608 896
412 490 539
413 907 979
414 342 28
415 946 456
416 748 960
417 189 517
418 222 727
419 421 458
420 583 535
421 437 160
422 758 685
423 69 213
424 370 739
425 284 995
426 224 2
427 917 779
428 810 506
429 71 427
430 322 240
431 495 744
432 789 822
433 862 248
434 924 361
435 133 646
436 851 735
437 959 787
438 101 256
439 728 107
440 304 904
441 614 23
442 266 873
443 11 209
444 483 869
445 254 309
446 31 932
447 812 357
448 659 195
449 142 213
450 443 791
451 33 313
452 123 464
453 451 676
454 735 809
455 156 787
456 895 375
457 239 265
458 142 640
459 138 588
460 839 397
461 140 63
462 746 787
463 139 177
464 598 831
465 42 350
466 367 856
467 938 317
468 895 114
469 901 146
470 140 303
471 119 741
472 960 841
473 280 154
474 656 38
475 687 994
476 480 34
477 295 123
478 242 43
479 767 67
480 694 585
481 34 586
482 174 189
483 48 961
484 112 644
485 271 349
486 52 187
487 616 673
488 342 93
489 833 955
490 293 363
491 882 725
492 304 363
493 804 359
494 125 661
495 825 875
496 337 722
497 80 985
498 597 213
499 555 300
500 811 494
501 226 269
502 642 5
503 512 39
504 127 636
505 757 763
506 187 400
507 548 292
508 847 73
509 938 637
510 103 696
511 552 593
512 789 449
513 845 211
514 261 609
515 94 304
516 267 209
517 343 490
518 519 20
519 118 207
520 909 309
521 247 41
522 119 957
523 948 423
524 213 332
525 886 955
526 169 157
527 238 501
528 798 543
529 450 993
530 530 544
531 563 692
532 750 205
533 23 893
534 183 288
535 673 529
536 645 130
537 535 551
538 37 865
539 188 62
540 112 875
541 139 915
542 785 147
543 769 23
544 226 723
545 964 889
546 144 283
547 240 864
548 832 377
549 459 260
550 510 890
551 11 805
552 259 288
553 858 884
554 685 517
555 725 65
556 920 150
557 289 644
558 967 955
559 172 336
560 724 118
561 942 60
562 37 578
563 701 204
564 205 422
565 303 136
566 477 162
567 18 587
568 399 81
569 607 767
570 610 24
571 218 576
572 36 478
573 929 406
574 110 733
575 190 830
576 543 495
577 400 730
578 670 668
579 871 544
580 343 516
581 849 201
582 108 231
583 903 572
584 801 213
585 846 458
586 674 291
587 164 651
588 525 51
589 962 297
590 348 352
591 254 578
592 905 264
593 56 724
594 608 122
595 273 932
596 295 937
597 426 968
598 647 250
599 559 742
600 712 563
601 219 580
602 175 781
603 595 562
604 116 4
605 627 476
606 432 708
607 600 637
608 600 702
609 785 232
610 854 763
611 539 864
612 561 376
613 549 11
614 595 395
615 810 459
616 197 116
617 649 589
618 938 679
619 411 29
620 899 114
621 866 706
622 128 490
623 336 741
624 631 803
625 70 976
626 721 672
627 323 821
628 729 927
629 404 508
630 344 96
631 197 601
632 226 568
633 31 773
634 862 961
635 837 292
636 930 260
637 960 808
638 120 178
639 346 148
640 754 431
641 189 274
642 784 488
643 389 729
644 657 327
645 214 234
646 874 812
647 7 498
648 645 182
649 176 20
650 920 394
651 236 968
652 140 267
653 555 975
654 289 203
655 592 256
656 147 553
657 455 584
658 898 572
659 368 733
660 684 719
661 356 260
662 418 557
663 184 692
664 54 934
665 806 283
666 184 3
667 690 959
668 248 599
669 3 231
670 345 862
671 454 987
672 287 82
673 880 121
674 446 612
675 700 194
676 452 120
677 182 28
678 497 836
679 935 177
680 20 906
681 834 344
682 166 835
683 240 82
684 545 127
685 144 664
686 708 403
687 329 172
688 894 106
689 31 5
690 795 15
691 905 382
692 627 721
693 292 809
694 855 176
695 909 160
696 231 887
697 81 356
698 58 731
699 431 370
700 589 595
701 33 963
702 657 633
703 454 394
704 104 280
705 717 651
706 899 285
707 888 859
708 419 587
709 139 707
710 96 130
711 746 64
712 307 240
713 45 768
714 606 250
715 919 605
716 210 388
717 610 414
718 396 616
719 902 151
720 752 972
721 968 77
722 724 879
723 814 95
724 704 725
725 756 426
726 232 809
727 925 763
728 474 34
729 13 162
730 359 49
731 17 485
732 480 602
733 941 834
734 713 209
735 191 690
736 880 423
737 573 362
738 187 813
739 263 780
740 807 16
741 636 198
742 407 814
743 366 344
744 138 216
745 945 419
746 605 272
747 724 921
748 39 900
749 461 712
750 199 292
751 224 475
752 405 281
753 147 954
754 554 358
755 805 585
756 201 444
757 366 695
758 474 768
759 620 879
760 64 600
761 836 252
762 856 318
763 482 809
764 499 659
765 487 294
766 607 232
767 163 650
768 609 601
769 671 133
770 341 579
771 939 629
772 359 472
773 600 813
774 876 320
775 70 352
776 195 714
777 745 740
778 576 380
779 574 260
780 70 127
781 887 734
782 99 958
783 619 575
784 432 80
785 707 476
786 595 564
787 941 714
788 659 669
789 420 352
790 491 142
791 276 267
792 868 191
793 828 26
794 240 673
795 815 68
796 356 191
797 503 943
798 755 653
799 217 594
800 725 517
801 913 461
802 374 888
803 499 391
804 627 242
805 581 944
806 513 465
807 147 41
808 627 71
809 639 88
810 823 206
811 647 776
812 657 379
813 820 969
814 943 294
815 213 731
816 546 193
817 286 329
818 294 687
819 749 660
820 604 576
821 386 285
822 906 242
823 705 72
824 772 33
825 435 501
826 219 706
827 320 72
828 418 164
829 144 459
830 919 345
831 850 763
832 192 492
833 129 224
834 376 122
835 86 737
836 22 926
837 54 672
838 705 216
839 113 977
840 174 934
841 204 441
842 366 998
843 681 164
844 870 890
845 57 591
846 559 829
847 148 376
848 779 669
849 508 587
850 383 841
851 78 286
852 943 957
853 927 463
854 627 924
855 250 53
856 887 965
857 422 612
858 668 857
859 685 476
860 606 540
861 59 444
862 117 794
863 180 243
864 233 692
865 798 688
866 119 819
867 192 955
868 852 508
869 749 388
870 248 157
871 682 346
872 169 567
873 209 390
874 693 620
875 309 345
876 852 739
877 227 858
878 8 9
879 915 789
880 421 635
881 528 169
882 310 753
883 65 305
884 201 525
885 328 5
886 66 732
887 56 585
888 825 980
889 688 143
890 384 415
891 457 89
892 528 286
893 160 345
894 811 338
895 433 812
896 23 975
897 354 732
898 118 131
899 780 182
900 135 357
901 202 940
902 743 489
903 735 483
904 109 155
905 230 143
906 62 857
907 783 781
908 429 622
909 368 178
910 27 132
911 321 634
912 687 835
913 241 147
914 597 231
915 133 811
916 890 534
917 857 647
918 72 291
919 617 199
920 183 916
921 815 494
922 211 587
923 353 870
924 440 827
925 339 995
926 716 1000
927 274 22
928 27 740
929 308 85
930 902 592
931 613 937
932 58 224
933 144 720
934 14 26
935 227 340
936 568 496
937 491 828
938 721 804
939 222 858
940 716 388
941 595 37
942 493 342
943 796 727
944 866 397
945 195 746
946 900 540
947 449 750
948 142 466
949 376 510
950 844 607
951 806 268
952 299 999
953 704 682
954 887 429
955 648 627
956 163 201
957 509 840
958 898 349
959 836 647
960 389 612
961 245 162
962 833 124
963 623 660
964 882 477
965 262 273
966 422 970
967 190 254
968 832 240
969 144 654
970 929 709
635 257 83
167 491 845
631 821 453
197 778 601
408 422 811
417 435 985
470 915 336
959 532 75
692 854 659
594 147 410
135 951 849
6 164 762
349 60 51
59 571 9
393 319 833
922 107 726
544 175 583
573 893 62
760 542 521
700 506 418
597 572 844
325 897 12
642 495 660
135 316 891
474 717 659
228 671 563
419 610 599
881 186 345
505 146 98
76 663 200
28 319 872
376 844 500
433 145 113
805 195 136
188 276 47
105 942 961
850 542 249
416 338 635
838 324 146
755 901 797
66 842 67
507 28 478
564 906 85
924 41 234
186 287 447
649 127 681
158 257 217
589 572 823
526 632 451
36 488 627
681 847 35
686 153 53
15 488 534
885 915 75
716 823 584
249 18 847
83 735 900
562 462 241
518 752 566
8 477 778
270 698 588
884 967 324
59 614 605
713 286 110
150 678 696
962 865 45
212 55 727
831 888 428
732 948 860
215 221 132
850 105 542
511 462 985
245 858 251
15 344 378
549 32 693
895 586 882
162 653 813
747 416 528
364 532 160
467 212 769
15 380 700
193 768 526
432 795 983
953 768 639
507 105 873
23 27 246
33 555 40
440 281 714
27 470 729
494 127 226
714 480 100
196 682 600
137 116 501
3 525 747
344 87 141
589 157 101
894 257 978
764 87 732
496 562 710
478 817 27
85 182 373
328 563 631
236 89 226
606 217 536
489 533 827
352 385 134
415 495 160
862 597 580
716 165 103
911 512 5
406 372 462
16 671 979
845 57 532
922 357 990
106 4 237
4 376 863
887 950 149
607 412 790
890 248 966
635 683 858
617 711 131
695 222 303
14 315 499
321 318 196
405 620 966
453 643 188
467 191 55
87 358 440
803 909 606
603 555 500
676 846 986
650 455 412
49 604 563
793 395 810
831 586 599
513 260 824
763 211 147
442 794 986
636 199 55
846 642 223
946 43 852
252 830 329
602 453 83
31 408 204
917 802 43
7 749 469
280 407 677
604 286 975
15 397 467
815 649 338
353 725 456
700 861 825
925 265 592
72 173 167
269 723 833
698 792 740
28 701 462
439 419 664
722 615 461
835 391 967
660 825 965
167 501 710
541 659 627
844 544 960
118 756 95
838 207 949
328 20 220
825 953 331
428 917 836
21 538 157
351 660 954
823 696 498
420 476 485
620 121 851
888 959 911
185 848 142
15 558 135
556 790 624
70 550 31
712 244 14
472 519 50
925 654 818
714 920 71
562 932 565
936 894 570
584 4 34
267 182 719
630 220 897
283 96 357
723 623 559
688 219 557
431 906 698
9 518 173
502 901 97
54 886 251
939 594 535
895 300 288
609 857 161
556 537 347
471 16 175
96 300 485
61 907 551
907 224 281
814 897 815
821 746 545
476 205 220
395 310 297
306 777 360
777 890 914
461 679 337
382 534 570
397 161 740
796 633 243
405 833 296
338 583 763
90 314 136
370 313 560
486 331 34
461 660 84
435 4 356
559 966 603
589 28 856
440 195 8
291 553 521
490 546 624
647 420 150
513 419 248
434 155 866
36 147 278
836 783 158
930 669 162
593 717 886
531 903 655
618 331 57
678 727 4
797 363 909
212 834 928
382 690 987
22 738 987
491 433 834
511 288 523
787 121 472
116 405 576
319 109 241
333 752 508
612 565 130
116 696 412
395 636 769
615 621 723
242 308 45
178 743 938
598 529 363
295 140 809
361 51 836
642 815 941
170 401 732
352 28 142
784 135 573
907 251 860
180 249 863
93 507 89
592 852 483
696 730 546
756 347 399
81 43 176
75 746 243
583 289 866
252 198 772
165 872 418
302 373 697
410 13 651
146 325 948
136 958 539
713 720 36
502 160 479
759 753 861
753 741 199
150 146 512
346 147 129
378 127 872
520 929 562
791 439 859
622 356 63
257 614 423
493 206 166
523 113 378
395 893 878
516 397 35
488 918 358
606 116 517
496 562 869
102 544 768
761 563 866
501 362 744
780 330 3
164 561 58
156 266 386
322 469 196
293 219 692
126 61 884
147 629 152
483 56 566
634 263 426
767 48 958
941 208 577
445 674 558
224 926 416
651 218 664
531 615 252
60 146 771
308 27 884
182 197 188
727 852 477
763 856 789
904 131 556
325 637 297
814 903 755
416 545 731
144 598 497
749 755 774
764 611 336
284 145 351
417 302 603
841 536 75
390 194 640
169 279 687
423 103 37
115 372 79
718 829 357
608 143 149
508 683 386
660 625 821
221 786 617
25 909 337
358 336 375
244 651 296
612 244 221
240 717 245
508 653 371
493 254 578
44 665 489
451 536 994
83 299 643
104 163 407
518 49 909
782 15 58
615 101 593
912 929 536
967 941 7
418 22 671
287 32 479
899 447 701
20 639 948
162 937 890
681 730 168
597 223 306
623 312 491
116 122 813
120 526 544
448 34 86
705 613 359
660 248 85
682 612 92
742 360 111
502 22 958
889 712 355
926 741 188
620 753 267
659 955 559
410 238 58
150 577 407
400 710 251
688 909 320
530 48 943
673 225 767
290 457 856
634 501 32
10 421 876
163 462 590
233 467 947
502 488 474
524 493 877
840 230 360
597 653 208
496 3 267
96 558 166
600 143 51
435 189 4
882 589 692
56 322 301
198 187 579
312 284 343
935 59 706
166 132 437
116 70 570
946 480 843
942 960 669
892 522 563
57 432 551
969 214 349
596 457 416
563 619 869
160 363 366
661 206 355
29 122 577
300 601 135
332 300 776
279 938 271
581 687 529
907 415 896
316 931 347
553 545 132
743 951 596
889 305 789
44 646 372
300 458 327
920 238 100
204 34 197
939 881 211
285 634 736
757 633 98
829 287 85
387 307 431
519 186 290
780 747 678
144 163 84
744 36 355
589 209 127
148 130 832
160 282 506
816 784 777
852 468 663
638 367 351
695 166 533
846 929 862
424 861 354
109 52 674
473 817 460
58 226 421
220 425 493
17 316 45
803 240 760
83 628 671
847 257 714
491 773 166
643 327 752
606 483 978
187 612 499
297 560 527
450 350 445
578 167 457
459 744 864
649 874 685
863 881 5
373 131 12
429 806 471
522 637 825
815 123 659
676 680 297
671 874 332
872 579 951
498 726 255
825 316 642
315 400 202
735 621 197
523 482 355
298 108 128
613 318 969
867 449 381
736 562 406
586 61 848
624 922 72
821 780 502
538 400 788
559 16 683
896 680 573
960 605 95
595 99 638
125 59 36
383 195 570
276 564 596
849 482 286
278 659 909
128 78 467
38 167 550
561 217 662
640 16 466
313 568 142
602 551 901
938 55 706
236 181 786
297 723 619
2 779 344
203 926 787
447 85 850
647 467 900
777 477 985
785 733 390
124 868 404
381 266 710
900 362 121
390 619 525
755 585 127
126 396 665
389 606 19
460 267 52
535 261 815
647 690 381
838 832 879
744 377 222
878 80 792
100 498 262
933 438 92
500 120 153
428 659 463
365 513 953
939 338 139
397 19 560
440 707 329
291 741 895
555 177 698
845 388 520
227 967 527
470 866 402
935 114 989
640 656 606
541 656 265
593 639 567
389 83 19
882 468 839
683 180 9
230 615 347
248 938 903
749 744 199
657 782 795
967 631 568
486 643 988
336 778 767
675 540 275
641 719 66
590 380 439
913 376 809
669 549 727
220 170 237
682 963 839
499 613 854
934 23 94
768 420 218
782 30 559
671 773 266
799 308 832
846 501 499
499 554 438
373 842 310
541 143 536
509 850 891
661 723 214
758 603 583
281 711 446
686 945 649
320 303 571
693 805 421
666 360 577
161 897 670
851 259 854
464 212 183
642 783 780
268 348 22
884 390 538
620 770 437
523 189 119
494 609 580
521 815 277
783 106 534
922 762 249
384 71 497
33 813 91
53 783 716
453 829 788
893 275 718
833 101 727
237 969 413
752 642 136
585 52 128
68 614 387
384 339 571
37 459 604
661 596 316
646 477 697
93 431 190
309 711 114
7 590 4
418 654 186
906 210 537
213 216 746
467 594 497
61 229 990
197 397 291
40 436 473
272 900 137
871 698 300
430 858 479
103 857 946
959 151 435
774 98 788
76 821 438
952 406 925
718 362 753
955 345 378
576 805 979
188 343 911
677 930 397
895 593 221
261 344 1000
682 130 330
539 293 832
147 638 776
400 426 408
874 856 372
459 402 399
889 759 8
824 502 197
128 413 453
485 688 895
137 273 143
326 658 570
285 445 5
181 956 202
887 541 447
224 249 172
284 404 660
43 365 667
864 310 642
328 734 525
890 804 134
261 907 863
356 767 177
187 812 321
236 69 253
863 713 52
513 600 731
626 573 637
93 205 72
102 280 759
396 423 968
129 399 324
588 918 659
711 451 833
472 318 110
421 461 748
298 310 25
364 306 419
170 200 66
653 155 737
162 389 807
869 227 225
182 285 690
934 81 817
591 719 154
780 67 883
359 737 178
769 605 305
486 434 819
96 850 770
799 503 901
510 688 190
326 605 905
549 300 656
58 25 846
308 465 350
356 728 423
948 99 156
777 209 151
119 149 359
608 821 190
499 352 29
542 606 785
691 548 584
422 141 606
194 24 997
845 364 859
501 484 128
464 23 753
458 601 679
315 822 680
686 945 245
239 292 448
727 104 540
443 588 580
459 886 94
145 115 233
541 900 427
737 934 326
65 305 770
680 324 127
679 638 16
10 781 916
464 426 539
427 25 724
262 431 631
505 625 242
427 231 293
573 713 556
616 669 928
215 3 372
843 830 804
289 695 267
883 339 989
436 274 302
471 785 973
513 263 42
175 721 58
254 679 234
536 164 604
127 49 364
656 137 973
749 831 9
885 160 55
779 466 807
960 605 559
330 367 68
230 683 896
714 355 433
185 896 746
878 888 84
382 73 481
519 688 920
584 557 611
806 693 799
918 336 83
782 503 438
369 657 90
8 954 238
602 174 984
98 564 164
634 543 640
361 10 172
337 962 74
659 130 845
435 655 216
962 653 809
640 958 123
593 680 998
932 427 698
116 794 712
689 311 447
253 728 444
496 290 652
612 527 333
736 970 31
423 249 781
380 466 874
167 159 146
27 584 704
334 412 419
690 658 312
567 721 66
273 699 180
788 674 462
604 826 405
46 715 631
287 770 319
611 940 905
493 284 130
810 857 289
717 632 84
671 660 759
436 138 972
116 91 759
71 758 489
268 646 782
536 700 7
686 122 482
40 736 889
562 630 971
530 844 700
66 827 207
962 480 609
897 71 887
656 118 92
397 267 284
97 126 870
676 93 195
863 515 485
221 667 542
105 26 909
556 386 935
291 742 549
278 188 474
179 642 211
709 34 712
170 326 653
686 401 227
375 610 422
803 188 523
90 392 408
899 452 203
816 920 860
317 464 476
789 53 244
904 488 612
814 394 818
422 169 708
369 248 984
167 455 311
708 68 336
148 800 385
643 398 24
228 520 206
444 401 260
654 675 367
673 144 157
862 565 151
290 900 404
930 627 30
674 453 264
281 490 721
562 769 656
713 329 805
727 898 209
865 384 628
486 793 751
638 177 560
78 573 19
442 862 907
676 94 321
783 924 541
723 71 298
253 8 212
255 296 173
345 466 380
583 821 184
543 96 483
267 516 813
758 661 336
559 963 261
771 667 178
415 575 751
758 746 592
522 362 38
670 966 629
642 820 781
542 662 402
682 389 271
781 55 805
523 52 528
533 257 201
510 252 795
291 970 419
792 319 304
955 449 629
659 495 300
660 733 198
16 46 271
762 960 52
729 777 39
6 473 959
949 270 624
39 378 983
880 937 970
416 827 365
915 660 186
289 449 768
377 548 392
678 341 788
486 763 673
635 368 689
504 675 973
367 49 851
757 362 327
84 81 103
661 883 213
646 181 133
538 596 543
668 39 57
223 945 346
375 221 239
498 530 434
389 690 315
791 367 999
897 918 570
243 535 662
187 148 319
100 792 854
617 389 282
21 695 380
795 569 933
435 509 657
226 560 480
465 81 154
478 153 417
188 894 383
829 272 597
954 733 193
272 797 558
457 854 413
744 330 520
797 489 815
441 603 569
405 831 47
969 650 448
372 516 319
710 411 128
524 440 735
445 440 181
778 911 592
648 490 171
400 10 623
672 668 331
78 375 220
382 655 907
485 339 970
537 284 152
903 541 218
492 289 330
411 728 927
894 297 792
613 127 518
491 363 107
359 700 993
711 255 461
605 672 951
945 499 491
259 917 985
16 71 964
209 153 18
366 643 366
412 386 125
123 98 102
454 190 102
622 687 86
510 346 437
545 459 675
207 336 816
323 699 801
817 356 124
726 520 669
664 844 192
919 403 666
970 36 60
174 730 547
465 606 740
230 236 442
17 617 213
290 35 340
600 477 979
132 379 199
849 585 600
519 249 526
242 738 420
106 574 709
967 825 271
804 343 471
534 240 273
219 641 396
174 631 783
761 73 107
829 438 622
266 481 506
531 545 889
77 361 998
497 624 615
591 862 201
812 449 350
360 223 660
733 247 506
440 717 187
251 619 74
909 212 998
950 709 824
120 812 772
553 304 410
342 864 239
661 669 522
359 545 312
297 99 337
211 335 582
884 536 866
4 88 6
838 389 975
718 220 870
98 560 959
147 306 501
512 293 659
761 382 509
228 577 821
806 512 637
578 581 43
81 281 89
604 689 261
37 523 216
617 729 402
422 608 104
622 22 649
576 11 346
591 806 18
758 965 881
856 742 676
681 83 46
504 941 690
904 447 71
835 18 184
197 1 266
422 138 450
749 406 645
794 712 623
811 470 69
234 533 660
87 635 295
783 323 550
848 547 143
271 206 181
953 5 631
680 270 302
863 323 937
857 846 429
782 733 383
899 525 518
86 626 494
343 931 52
649 1 790
822 707 558
247 397 129
203 729 998
701 709 125
461 547 485
103 968 105
53 490 465
192 949 636
821 741 374
195 72 761
75 123 716
19 48 528
966 700 183
119 82 700
594 330 978
381 571 591
186 615 162
280 807 729
741 267 608
827 132 398
652 254 616
435 562 10
302 53 603
944 5 202
162 488 986
724 49 402
257 282 798
798 198 565
691 581 498
136 812 95
326 282 122
129 206 747
18 664 738
957 970 877
277 694 727
831 35 965
577 319 547
154 785 533
630 675 971
200 864 180
186 836 90
869 619 486
311 356 537
749 706 745
319 5 413
96 418 242
616 957 588
214 910 252
802 413 933
108 765 699
729 949 11
714 765 548
595 33 167
44 403 390
404 323 183
40 775 326
334 808 843
186 690 976
577 338 316
263 325 568
925 234 113
57 936 344
583 94 821
657 204 79
131 36 785
787 676 180
160 196 972
245 610 30
708 964 546
250 888 768
805 552 608
92 704 282
275 380 837
117 746 459
682 222 943
898 701 603
407 295 220
185 529 299
83 440 590
850 700 997
129 210 485
495 487 388
567 711 343
123 429 671
651 722 452
683 166 540
853 607 123
548 21 635
660 343 840
959 475 899
287 109 16
723 127 407
397 205 164
314 389 456
247 267 277
542 426 562
565 398 353
886 701 526
843 684 292
806 411 466
10 277 107
942 165 792
618 318 936
111 193 669
208 613 698
155 708 921
600 302 135
696 966 717
858 648 626
165 856 897
362 911 394
789 888 705
455 686 740
415 809 524
138 15 251
889 308 129
701 519 238
505 229 101
910 108 110
312 238 650
128 93 241
914 504 106
282 355 267
337 185 66
961 79 899
1 235 960
770 529 874
840 940 21
881 905 397
837 680 26
345 541 657
656 707 920
603 744 837
896 150 830
369 127 75
761 294 117
23 139 655
666 391 504
717 141 418
320 542 440
50 737 871
87 818 298
80 240 358
732 753 984
345 862 682
609 466 371
571 439 22
367 25 858
465 160 974
298 585 182
642 896 927
344 528 705
796 28 912
27 631 694
429 713 75
541 909 498
763 255 317
124 609 160
649 347 253
81 449 239
377 652 931
935 389 490
628 785 906
575 113 777
235 381 793
658 809 954
862 294 401
232 188 826
130 85 220
950 371 536
233 859 806
860 788 395
629 499 180
269 961 383
183 130 940
796 274 955
253 671 894
44 946 817
24 289 818
827 9 688
145 9 324
909 748 282
919 777 312
103 480 794
32 65 314
378 760 223
443 118 930
139 515 462
371 542 99
865 534 208
793 535 612
937 206 48
663 624 108
756 754 652
686 340 55
319 658 923
164 591 246
406 875 11
244 541 83
855 83 581
675 885 506
257 854 272
441 391 421
227 959 638
446 466 456
333 55 808
692 507 779
723 885 697
581 205 329
1 547 677
50 502 206
269 309 261
328 142 167
543 61 904
626 629 560
67 168 29
426 185 978
756 852 877
404 352 119
788 812 150
192 41 140
522 39 32
126 343 640
97 856 168
175 351 143
590 477 944
541 219 992
136 748 448
944 796 685
464 420 699
928 209 543
74 887 517
25 219 225
581 372 130
542 820 558
917 476 33
949 38 820
168 694 772
827 701 147
305 625 338
375 800 467
744 865 464
749 347 930
638 931 952
351 175 832
375 301 863
423 528 991
764 363 105
759 194 261
870 710 72
456 892 641
969 230 259
142 391 553
577 829 872
315 792 50
244 198 208
843 493 84
677 804 960
157 643 13
639 350 248
274 134 278
583 437 952
93 529 463
865 327 658
584 894 920
531 967 988
649 196 617
516 112 413
855 939 144
147 786 789
826 846 732
566 385 662
691 71 155
215 852 387
11 876 606
370 201 874
578 830 398
755 280 288
47 377 949
953 384 606
59 172 126
48 189 152
255 725 138
288 366 523
312 371 897
293 468 511
710 277 112
866 396 591
453 468 45
539 333 219
197 43 590
355 358 418
754 824 712
444 897 323
154 411 81
559 71 685
69 267 967
699 733 119
390 810 941
225 138 577
540 516 443
487 124 681
878 601 318
549 146 806
895 2 73
825 696 275
845 384 258
327 701 338
788 428 90
489 579 851
918 791 34
416 792 236
550 692 131
481 380 84
369 291 353
781 289 345
940 110 717
297 223 814
830 146 356
653 431 166
407 187 272
412 418 936
627 786 531
757 743 22
949 75 819
761 959 372
233 658 895
416 756 557
783 64 576
448 638 259
848 69 284
6 359 597
223 382 254
372 602 585
42 639 945
743 801 25
635 35 735
843 428 195
932 462 550
136 545 232
269 126 883
45 879 536
833 60 870
375 362 820
944 966 900
307 491 69
459 300 742
548 416 930
497 763 5
604 674 421
27 942 797
73 195 363
751 685 77
693 736 488
928 660 124
49 885 932
114 420 952
574 912 506
258 719 423
563 51 194
336 773 552
151 825 303
896 591 733
188 837 282
174 47 792
15 182 181
874 400 909
80 605 695
690 648 482
98 342 138
40 914 323
761 380 109
727 286 970
371 897 638
669 523 641
833 840 301
875 272 658
319 539 235
549 763 865
119 576 456
843 620 200
864 75 52
396 460 778
825 613 736
510 34 69
429 261 947
311 633 225
137 967 221
799 468 143
592 784 143
326 208 211
210 111 797
594 340 2
893 640 76
649 202 320
957 831 407
933 41 490
655 653 461
916 887 298
664 241 313
814 534 28
520 153 487
699 205 751
322 686 791
164 346 991
113 420 999
711 251 19
326 789 439
133 954 925
922 50 102
300 19 458
391 855 66
12 87 726
240 295 202
322 964 133
144 185 725
382 248 760
11 507 313
411 4 635
840 584 696
4 824 640
182 214 545
367 86 826
675 547 757
246 657 932
40 122 99
164 455 485
165 194 788
726 520 996
134 299 192
577 563 457
679 542 726
379 484 613
751 690 91
742 405 491
4 928 376
394 131 801
214 34 769
534 394 701
137 442 186
188 449 356
204 120 422
284 347 129
601 324 945
942 798 689
314 457 217
720 790 485
164 260 352
683 256 957
753 344 513
653 704 560
832 468 437
388 623 137
592 305 521
690 718 860
631 272 50
839 861 110
612 880 50
529 685 773
37 763 442
201 507 637
868 472 991
99 970 520
176 253 902
217 596 613
353 45 958
3 945 304
180 618 392
497 909 704
71 58 877
638 111 405
966 92 79
181 566 440
82 929 338
45 838 894
141 587 243
594 560 711
579 596 679
947 803 482
705 735 531
279 22 300
465 424 405
734 631 81
577 638 493
450 688 317
215 595 655
470 694 928
740 415 237
627 35 209
183 906 306
73 711 670
589 241 888
815 806 29
816 864 483
527 901 648
139 968 698
566 154 467
444 672 792
953 342 820
318 832 174
244 452 990
531 214 867
386 332 413
649 398 6
718 360 728
699 225 691
154 854 946
75 385 82
284 260 328
246 365 557
828 91 28
455 809 294
564 636 31
880 907 3
81 106 919
364 312 414
262 378 306
626 567 611
18 708 904
653 316 69
295 661 429
703 190 170
98 195 305
52 255 150
200 873 397
235 238 137
378 920 258
628 674 321
638 872 215
370 14 457
185 718 617
466 112 490
427 462 624
226 718 522
280 970 723
743 685 741
78 130 837
85 236 713
704 785 579
229 142 622
749 838 525
741 880 59
268 814 283
91 593 23
512 768 987
893 825 788
545 476 968
123 59 491
493 829 448
758 77 364
451 315 219
710 346 114
901 739 873
288 501 108
878 467 910
60 328 989
891 641 21
746 760 972
275 150 788
786 422 99
567 527 962
820 418 512
172 374 677
738 292 380
501 872 329
756 218 476
870 796 129
702 644 414
917 549 287
865 758 636
965 534 498
160 539 990
506 582 37
847 295 472
277 874 503
677 259 992
655 213 307
625 22 168
40 115 534
787 281 513
17 651 304
785 233 668
567 960 561
661 818 292
329 62 638
883 206 278
46 3 430
35 908 899
84 760 324
23 664 547
889 664 472
350 353 713
856 723 412
497 832 446
419 577 322
645 131 389
399 363 503
870 644 135
171 50 981
788 26 808
652 836 125
426 36 84
271 272 352
341 699 50
609 865 281
588 259 398
2 486 896
625 130 824
288 440 261
358 760 942
205 912 256
236 31 474
582 656 114
605 29 353
513 374 875
855 165 948
927 946 259
385 215 537
577 458 911
740 548 115
210 837 483
652 497 965
571 608 565
838 126 498
562 94 100
84 801 675
491 591 583
191 918 260
863 697 762
9 540 988
676 955 353
888 252 756
317 912 767
628 124 72
595 653 891
218 336 402
654 199 425
259 2 211
244 576 230
886 593 264
595 709 649
118 294 376
896 598 254
806 684 941
958 99 869
175 135 796
59 542 127
174 642 9
899 585 33
97 943 133
530 302 579
93 669 370
87 441 122
637 963 411
964 657 810
692 309 606
511 253 163
5 895 775
865 285 595
290 444 777
965 18 171
584 550 299
402 622 876
942 318 280
137 856 695
158 345 618
515 26 509
909 89 918
75 56 548
423 524 136
30 931 529
96 33 175
222 12 408
729 780 892
301 85 983
810 325 379
515 227 10
266 412 917
750 370 614
370 138 756
125 546 855
183 496 10
184 549 528
260 250 906
952 373 543
190 354 613
968 253 281
893 561 846
80 481 32
91 10 786
775 432 440
621 1 461
161 522 546
636 721 180
874 85 669
300 887 223
282 266 218
232 924 360
64 8 772
354 310 207
92 140 715
186 951 173
497 530 841
62 779 773
672 407 538
692 552 379
215 344 77
322 755 826
405 396 425
829 878 483
964 444 584
758 910 356
251 611 990
426 368 807
299 421 32
775 168 930
547 299 573
9 452 843
498 825 769
531 694 376
535 764 44
546 764 675
698 894 533
806 290 263
965 240 382
417 833 982
324 876 182
941 200 542
115 624 19
503 319 403
945 457 890
104 672 77
247 840 205
653 239 866
886 670 7
826 672 163
489 561 870
735 904 349
11 127 807
452 820 757
318 134 217
688 108 272
730 757 78
282 303 865
720 81 998
892 713 93
819 503 466
781 708 154
217 271 178
848 81 453
274 626 626
474 795 247
816 392 295
15 433 35
629 621 2
198 878 711
244 833 392
237 71 443
488 478 814
498 862 855
128 233 839
786 804 778
495 622 478
898 559 374
352 567 747
499 198 838
62 869 121
960 103 567
527 815 837
112 278 314
305 947 621
737 381 145
969 201 706
669 595 370
793 706 462
418 152 155
496 144 574
178 11 829
145 769 685
459 51 795
724 393 615
273 920 570
762 442 692
458 254 320
569 967 784
423 561 226
289 440 79
795 952 534
194 768 735
889 266 769
786 204 61
627 146 361
762 465 257
303 188 911
631 141 24
85 68 684
816 903 284
610 438 259
937 55 305
393 795 564
404 483 934
515 289 873
894 155 303
24 862 240
214 224 429
774 807 946
761 277 58
543 927 987
524 958 175
283 888 204
375 401 347
903 91 268
399 58 283
762 716 403
529 250 135
602 340 885
571 697 271
530 684 696
99 598 172
867 839 194
913 74 324
736 496 553
255 229 907
788 659 380
251 814 447
593 426 456
632 745 191
774 102 790
375 358 977
415 938 607
436 440 469
831 443 847
871 217 794
557 454 163
668 227 349
225 946 489
392 217 370
425 436 176
832 167 744
295 249 776
91 264 928
