980 2038 246
1 11 311
2 821 689
3 56 314
4 646 982
5 139 152
6 135 810
7 485 835
8 958 605
9 434 112
10 349 66
11 468 491
12 639 70
13 262 675
14 769 253
15 718 711
16 837 425
17 762 441
18 537 404
19 955 946
20 20 128
21 942 198
22 522 220
23 440 665
24 152 578
25 7 867
26 573 927
27 641 624
28 263 979
29 548 459
30 786 450
31 115 516
32 291 130
33 816 823
34 79 70
35 218 663
36 753 873
37 949 722
38 334 95
39 160 399
40 264 617
41 379 6
42 541 568
43 801 951
44 524 508
45 431 181
46 63 428
47 541 172
48 147 841
49 856 241
50 429 718
51 397 993
52 59 963
53 825 357
54 315 635
55 670 508
56 130 266
57 281 505
58 7 619
59 672 311
60 148 192
61 734 818
62 110 675
63 717 152
64 233 45
65 479 95
66 546 118
67 291 929
68 445 956
69 146 118
70 349 79
71 97 160
72 818 188
73 478 653
74 257 984
75 823 776
76 525 920
77 642 121
78 165 647
79 138 86
80 897 584
81 332 794
82 243 4
83 457 86
84 467 373
85 643 797
86 868 172
87 106 452
88 424 401
89 770 513
90 305 537
91 638 114
92 746 468
93 86 386
94 142 839
95 1 537
96 495 648
97 100 361
98 126 153
99 211 312
100 608 478
101 21 962
102 160 90
103 321 942
104 808 39
105 172 229
106 393 652
107 220 950
108 175 964
109 851 758
110 72 181
111 565 990
112 167 318
113 642 61
114 68 5
115 320 383
116 646 31
117 99 30
118 677 49
119 533 48
120 2 127
121 836 490
122 880 907
123 22 908
124 104 192
125 17 388
126 658 639
127 51 631
128 469 794
129 199 237
130 917 575
131 616 700
132 876 304
133 630 192
134 824 768
135 27 954
136 230 272
137 31 62
138 286 916
139 663 770
140 689 751
141 311 44
142 766 150
143 766 803
144 946 628
145 698 777
146 826 313
147 976 894
148 30 224
149 581 720
150 475 401
151 90 931
152 745 204
153 977 492
154 866 32
155 848 714
156 770 899
157 5 966
158 55 154
159 591 314
160 556 491
161 469 417
162 149 705
163 892 526
164 177 376
165 221 895
166 484 138
167 647 19
168 213 73
169 478 865
170 954 574
171 305 915
172 743 242
173 937 779
174 693 827
175 390 597
176 188 176
177 545 902
178 343 440
179 755 315
180 839 392
181 262 380
182 413 908
183 133 114
184 763 81
185 432 119
186 657 368
187 765 405
188 240 973
189 484 346
190 620 312
191 642 547
192 147 595
193 324 55
194 473 478
195 574 909
196 957 328
197 935 311
198 500 375
199 949 345
200 324 314
201 122 197
202 631 508
203 940 449
204 574 475
205 573 148
206 408 562
207 340 756
208 579 780
209 502 476
210 950 979
211 524 652
212 543 824
213 528 905
214 243 939
215 211 231
216 834 748
217 678 124
218 369 523
219 815 470
220 207 414
221 78 904
222 321 193
223 51 977
224 194 115
225 562 77
226 221 910
227 150 49
228 310 407
229 38 993
230 120 503
231 406 756
232 159 713
233 916 2
234 337 749
235 170 821
236 816 412
237 583 950
238 744 629
239 816 121
240 483 872
241 185 387
242 900 441
243 144 67
244 936 190
245 105 111
246 422 476
247 146 65
248 602 120
249 526 178
250 820 954
251 484 548
252 554 374
253 625 630
254 343 494
255 778 796
256 517 674
257 47 638
258 818 474
259 689 66
260 130 941
261 956 412
262 152 467
263 173 228
264 267 72
265 921 609
266 262 177
267 218 93
268 603 396
269 344 369
270 847 147
271 638 75
272 70 34
273 895 676
274 563 186
275 54 103
276 469 12
277 932 591
278 824 353
279 592 248
280 841 490
281 472 265
282 720 964
283 940 128
284 33 622
285 751 134
286 737 758
287 160 653
288 537 280
289 1 663
290 291 952
291 42 161
292 452 411
293 653 656
294 273 521
295 274 818
296 366 414
297 128 961
298 20 593
299 217 947
300 694 852
301 667 973
302 571 389
303 559 690
304 218 164
305 714 534
306 705 190
307 541 152
308 934 497
309 630 159
310 499 554
311 393 796
312 217 236
313 736 521
314 460 545
315 685 848
316 488 773
317 763 943
318 175 681
319 156 274
320 197 790
321 822 538
322 492 514
323 381 685
324 781 448
325 591 197
326 6 75
327 885 733
328 330 771
329 90 618
330 782 108
331 1 214
332 222 890
333 928 179
334 471 474
335 378 654
336 546 845
337 944 234
338 289 582
339 88 758
340 232 398
341 157 945
342 178 677
343 627 110
344 485 420
345 958 467
346 156 769
347 337 198
348 672 363
349 817 129
350 117 111
351 614 5
352 325 442
353 365 494
354 429 480
355 110 606
356 47 532
357 124 124
358 435 688
359 499 566
360 430 168
361 673 292
362 77 522
363 968 575
364 374 936
365 531 786
366 399 906
367 847 968
368 950 277
369 220 198
370 936 337
371 940 82
372 706 922
373 627 997
374 870 940
375 568 205
376 310 652
377 807 469
378 628 93
379 787 817
380 896 9
381 794 221
382 339 209
383 554 341
384 313 398
385 434 611
386 546 16
387 726 508
388 821 991
389 715 140
390 409 1
391 822 523
392 111 635
393 615 311
394 179 715
395 137 324
396 834 565
397 261 746
398 56 573
399 786 855
400 195 741
401 823 468
402 628 351
403 599 899
404 808 589
405 60 441
406 489 942
407 439 713
408 894 996
409 778 50
410 157 356
411 387 193
412 36 478
413 296 58
414 770 54
415 252 163
416 686 361
417 294 889
418 280 676
419 203 896
420 499 842
421 184 333
422 707 572
423 901 662
424 623 198
425 763 620
426 578 720
427 437 679
428 706 738
429 73 859
430 149 979
431 948 83
432 11 668
433 835 467
434 560 832
435 760 601
436 246 71
437 974 559
438 473 667
439 920 650
440 475 594
441 235 575
442 418 14
443 886 967
444 792 690
445 613 168
446 205 110
447 689 662
448 711 724
449 892 409
450 74 627
451 591 585
452 245 180
453 120 175
454 729 43
455 357 190
456 860 656
457 282 778
458 57 415
459 722 936
460 350 29
461 199 310
462 806 245
463 704 340
464 696 410
465 578 467
466 672 141
467 27 501
468 536 424
469 963 14
470 145 716
471 275 185
472 808 976
473 103 333
474 671 140
475 82 626
476 509 109
477 369 159
478 532 153
479 732 486
480 360 493
481 940 170
482 772 189
483 418 543
484 824 717
485 302 987
486 579 205
487 623 699
488 542 498
489 446 729
490 616 834
491 126 541
492 279 632
493 595 130
494 471 874
495 130 931
496 490 95
497 647 125
498 200 788
499 96 758
500 959 321
501 586 550
502 514 304
503 717 797
504 5 285
505 724 693
506 329 956
507 401 810
508 49 655
509 974 255
510 976 416
511 809 363
512 433 758
513 406 252
514 3 531
515 626 890
516 887 85
517 234 239
518 210 235
519 40 398
520 643 59
521 545 802
522 488 625
523 320 792
524 728 122
525 514 39
526 129 754
527 254 238
528 667 843
529 383 16
530 493 904
531 428 380
532 946 281
533 803 599
534 903 263
535 937 654
536 375 818
537 512 406
538 914 536
539 499 7
540 126 329
541 502 833
542 607 673
543 769 405
544 903 62
545 942 423
546 570 435
547 173 827
548 342 996
549 248 21
550 276 155
551 467 109
552 457 291
553 874 707
554 692 50
555 436 904
556 373 460
557 35 301
558 735 157
559 601 103
560 145 783
561 808 28
562 786 926
563 882 527
564 757 744
565 766 674
566 359 113
567 207 772
568 29 485
569 790 377
570 860 335
571 838 626
572 624 282
573 364 652
574 611 158
575 183 341
576 181 494
577 5 996
578 529 375
579 678 705
580 781 83
581 401 37
582 607 375
583 245 42
584 283 298
585 169 238
586 440 759
587 739 941
588 431 220
589 246 637
590 333 436
591 666 446
592 931 266
593 836 969
594 591 520
595 366 743
596 377 998
597 884 670
598 597 150
599 160 784
600 295 280
601 95 356
602 834 962
603 628 617
604 293 282
605 592 320
606 916 183
607 735 514
608 199 60
609 350 202
610 172 367
611 545 492
612 29 57
613 900 141
614 23 686
615 680 21
616 945 800
617 687 107
618 324 783
619 912 815
620 4 596
621 675 78
622 307 862
623 97 801
624 533 957
625 939 495
626 552 892
627 576 189
628 65 716
629 860 867
630 234 895
631 66 705
632 693 882
633 178 713
634 249 103
635 208 390
636 427 178
637 87 830
638 744 674
639 37 956
640 653 154
641 841 425
642 619 345
643 843 772
644 781 783
645 945 39
646 862 497
647 114 484
648 355 134
649 611 408
650 109 2
651 667 359
652 310 163
653 575 808
654 234 555
655 778 90
656 104 438
657 27 647
658 58 173
659 669 640
660 785 185
661 122 162
662 556 411
663 151 935
664 163 820
665 3 967
666 75 832
667 870 433
668 329 273
669 411 557
670 149 713
671 754 476
672 232 480
673 743 362
674 631 863
675 955 50
676 309 739
677 744 50
678 290 598
679 958 793
680 746 787
681 913 551
682 689 681
683 544 252
684 24 882
685 453 395
686 393 788
687 398 616
688 946 607
689 658 80
690 856 104
691 256 488
692 837 845
693 334 833
694 58 450
695 115 490
696 738 236
697 894 23
698 830 140
699 14 384
700 436 951
701 466 725
702 314 227
703 68 104
704 591 196
705 575 627
706 347 856
707 541 141
708 329 23
709 354 415
710 646 399
711 20 387
712 581 559
713 633 863
714 850 3
715 932 326
716 363 559
717 541 256
718 56 680
719 288 300
720 293 47
721 638 371
722 926 47
723 453 814
724 206 217
725 373 778
726 24 845
727 608 3
728 253 428
729 835 863
730 118 332
731 769 501
732 782 444
733 408 478
734 739 297
735 645 186
736 294 544
737 885 454
738 59 108
739 945 13
740 198 650
741 533 452
742 198 923
743 141 90
744 560 939
745 744 56
746 204 696
747 838 261
748 430 924
749 243 958
750 359 966
751 220 444
752 1 190
753 566 638
754 912 976
755 873 473
756 6 971
757 494 276
758 482 811
759 48 257
760 313 771
761 599 625
762 841 631
763 658 887
764 949 672
765 971 40
766 96 849
767 97 681
768 569 379
769 233 690
770 336 324
771 848 786
772 403 180
773 359 635
774 859 115
775 88 111
776 127 261
777 837 459
778 901 176
779 650 354
780 33 16
781 344 917
782 147 73
783 975 970
784 240 853
785 207 459
786 755 789
787 118 777
788 899 165
789 1 224
790 329 716
791 370 884
792 712 329
793 681 60
794 53 109
795 849 798
796 116 636
797 905 556
798 398 733
799 106 238
800 961 477
801 272 568
802 917 286
803 60 661
804 424 630
805 164 283
806 220 997
807 313 273
808 535 15
809 780 246
810 43 708
811 784 820
812 664 332
813 371 470
814 555 966
815 239 181
816 908 466
817 283 721
818 670 694
819 438 118
820 509 703
821 683 133
822 448 544
823 114 900
824 544 479
825 873 841
826 229 990
827 703 643
828 555 487
829 945 481
830 868 108
831 246 584
832 309 926
833 968 934
834 534 164
835 203 988
836 873 95
837 430 636
838 745 211
839 564 552
840 675 1
841 717 747
842 761 706
843 221 955
844 171 142
845 4 263
846 303 535
847 22 229
848 644 79
849 437 232
850 169 817
851 740 40
852 350 407
853 862 434
854 287 360
855 664 706
856 708 748
857 692 182
858 933 346
859 531 373
860 591 457
861 267 959
862 454 822
863 364 63
864 545 503
865 55 22
866 887 277
867 661 738
868 127 823
869 939 247
870 26 316
871 314 4
872 819 473
873 89 905
874 156 669
875 908 440
876 47 944
877 731 866
878 651 51
879 827 955
880 876 892
881 409 417
882 752 904
883 885 704
884 256 415
885 796 874
886 730 914
887 9 317
888 724 816
889 908 757
890 597 634
891 673 396
892 107 467
893 712 983
894 893 36
895 888 171
896 509 63
897 441 911
898 584 562
899 540 492
900 757 142
901 338 123
902 100 721
903 290 605
904 412 769
905 19 817
906 930 242
907 169 873
908 223 545
909 273 462
910 320 634
911 191 742
912 672 951
913 395 547
914 96 314
915 759 885
916 86 550
917 340 114
918 674 40
919 208 597
920 941 443
921 59 781
922 318 461
923 337 968
924 795 284
925 902 928
926 704 597
927 687 788
928 174 614
929 836 370
930 898 34
931 758 756
932 587 301
933 367 816
934 517 449
935 392 180
936 152 72
937 375 890
938 185 226
939 628 168
940 659 138
941 669 852
942 568 20
943 148 894
944 481 458
945 564 46
946 252 792
947 224 975
948 652 948
949 731 436
950 574 722
951 105 867
952 450 774
953 325 927
954 915 747
955 539 194
956 27 756
957 167 18
958 91 433
959 739 107
960 767 780
961 230 478
962 436 397
963 422 344
964 353 395
965 531 30
966 251 675
967 920 400
968 37 254
969 321 220
970 72 734
971 38 388
972 612 65
973 619 986
974 546 866
975 196 99
976 474 460
977 683 186
978 180 696
979 699 287
980 407 433
292 47 46
838 229 221
579 264 780
505 668 100
792 609 508
807 623 629
942 264 62
155 424 34
274 806 422
263 448 227
820 752 561
510 510 426
795 674 134
615 706 519
631 217 990
222 288 520
79 418 63
755 962 662
547 489 848
359 96 4
513 272 1
390 259 755
326 866 326
605 420 345
150 705 178
277 703 13
313 525 88
853 645 331
476 160 713
875 936 185
285 928 913
122 211 996
353 179 348
475 743 832
128 584 172
971 647 64
780 373 733
298 814 771
777 975 419
934 749 830
919 546 721
931 105 294
329 766 532
836 511 713
974 238 322
549 978 226
219 449 548
122 858 775
856 807 917
481 7 687
159 15 849
964 904 969
132 703 30
512 827 209
655 588 739
348 601 820
702 925 507
205 956 161
462 932 579
554 458 815
25 47 919
758 973 614
358 154 950
125 188 141
379 691 256
147 540 949
783 325 476
704 953 508
280 480 83
52 546 662
945 850 397
910 29 86
220 561 719
77 365 536
202 558 220
548 722 351
8 169 367
947 325 144
215 514 455
490 852 424
326 621 836
849 834 5
665 705 757
140 431 243
783 909 243
883 93 7
533 917 353
904 317 824
360 192 867
70 597 464
157 584 886
254 265 262
481 151 715
401 461 651
62 328 812
724 769 60
671 209 105
667 503 819
606 786 402
56 551 178
528 736 694
168 271 150
23 11 85
689 447 547
467 290 232
720 209 627
175 17 425
184 275 997
948 633 792
726 611 65
694 508 861
133 915 644
281 868 766
182 291 290
737 311 340
898 869 899
798 768 657
170 856 390
633 893 729
287 280 4
798 606 300
429 299 868
448 751 627
368 865 273
431 10 421
377 395 166
742 188 202
66 547 146
163 467 912
249 181 235
714 519 848
103 209 473
872 536 229
263 237 939
902 460 980
37 940 996
449 146 597
649 41 14
353 686 507
153 105 123
733 535 483
28 680 172
597 320 328
213 526 42
721 36 864
937 750 452
148 449 462
419 156 128
665 602 119
346 631 366
614 329 532
19 589 440
59 214 132
221 500 91
671 133 904
319 391 495
743 710 191
220 409 192
341 98 767
668 746 526
776 930 677
272 668 533
638 837 573
256 110 378
552 703 488
875 5 732
867 801 216
275 687 649
283 161 294
382 462 456
284 382 618
607 12 623
117 331 624
172 401 579
791 485 55
376 266 802
586 152 205
468 252 20
446 292 707
899 293 474
764 577 614
517 348 567
409 236 368
665 485 20
883 854 67
139 2 470
835 436 615
130 7 1000
948 972 6
821 178 689
140 212 797
843 321 368
555 682 847
369 193 129
879 731 56
473 958 995
108 494 336
102 33 395
662 532 571
783 949 227
556 55 322
537 734 330
739 355 166
710 870 979
171 497 768
331 236 628
580 655 650
967 406 308
944 973 610
142 399 65
662 487 220
909 439 369
815 199 654
710 550 553
469 866 719
116 183 833
850 736 98
845 739 581
515 926 447
370 168 212
596 335 989
745 402 80
959 480 451
881 736 41
403 206 854
826 796 215
228 973 571
756 790 86
828 41 701
884 827 950
18 783 227
781 166 953
63 148 362
790 139 716
775 700 48
474 880 790
79 245 299
303 695 288
94 522 129
818 235 913
271 343 354
815 176 901
749 647 399
175 144 598
182 348 582
898 293 580
235 856 703
634 820 470
953 577 360
657 621 80
513 686 808
67 318 908
286 73 554
342 417 647
949 89 65
790 456 648
535 960 811
862 793 599
531 567 877
798 122 227
276 172 878
775 545 350
348 390 546
792 817 555
586 751 77
663 663 309
975 718 486
206 729 777
573 338 432
683 368 223
531 731 611
9 512 240
703 570 923
376 723 990
226 878 669
67 336 64
205 270 646
692 637 831
951 345 618
701 35 27
266 713 510
251 814 703
890 525 434
809 850 751
510 316 181
151 31 204
618 284 615
600 205 333
537 650 814
221 905 560
940 726 830
35 721 649
933 754 996
769 885 778
339 491 223
201 422 498
456 513 44
274 144 119
760 943 961
511 943 779
69 706 448
175 709 793
851 309 930
599 890 650
928 890 485
976 685 38
694 806 247
599 380 559
337 455 855
504 850 187
888 797 399
479 737 801
298 63 116
769 724 193
300 946 549
256 40 758
244 789 487
533 504 656
568 692 485
481 219 441
160 773 406
400 86 995
301 341 6
586 100 168
449 821 247
822 397 44
360 916 898
800 723 213
560 890 358
138 533 160
526 566 978
25 610 756
243 743 762
491 948 749
107 465 254
321 409 773
107 282 961
87 860 827
504 427 835
668 588 460
44 561 353
814 121 152
123 100 854
574 930 663
338 661 497
513 74 375
455 133 937
959 51 63
497 808 384
382 876 371
688 733 163
750 176 819
484 857 348
850 430 576
391 761 237
645 390 256
289 99 958
956 867 882
195 732 618
177 29 636
852 266 28
812 306 65
484 255 528
68 71 20
579 114 551
224 239 845
135 114 693
544 616 675
506 536 487
426 410 918
213 907 931
701 135 30
400 690 579
87 620 230
231 463 967
758 393 382
448 181 654
942 868 385
495 258 102
191 76 693
635 689 151
624 536 645
289 475 849
763 127 819
369 298 616
443 123 519
848 213 451
230 324 202
830 173 217
589 630 261
147 884 769
840 447 207
775 261 582
311 94 706
966 71 698
420 186 772
454 34 662
546 841 919
226 48 1000
265 792 692
395 490 342
760 345 718
68 724 821
313 678 885
835 235 110
222 216 548
673 765 130
93 6 532
433 392 802
921 529 135
534 374 876
116 682 253
899 36 132
595 18 469
729 635 847
572 114 993
127 71 633
604 491 887
20 609 528
638 10 949
130 79 17
612 882 541
916 755 214
113 650 871
797 98 691
183 851 803
38 568 762
300 678 563
418 209 472
59 34 580
193 51 799
895 888 430
720 261 95
325 771 413
315 934 51
947 224 530
123 15 817
675 313 700
876 839 839
474 770 659
142 114 142
389 47 385
383 580 579
806 750 241
870 860 505
250 759 997
148 312 638
249 977 702
114 841 807
644 113 522
847 617 141
645 807 561
491 584 414
454 171 242
107 749 921
791 169 771
574 582 779
417 480 388
229 413 855
81 259 65
364 733 725
805 42 523
671 376 890
189 549 931
695 688 993
966 275 497
31 23 420
120 366 820
294 568 405
419 704 436
237 308 534
144 437 43
322 423 554
58 425 903
644 921 323
241 232 272
750 970 812
773 16 539
147 234 572
9 614 505
730 933 459
467 953 38
383 506 520
730 372 687
736 462 759
590 761 348
316 814 499
239 858 324
110 550 720
363 877 732
522 171 832
128 551 839
505 67 228
971 869 982
181 390 714
946 642 275
926 217 733
274 705 11
930 469 288
421 331 731
210 60 946
205 367 205
811 120 527
184 494 466
908 302 901
4 351 304
938 527 477
616 455 546
636 278 893
172 843 408
762 922 411
214 778 467
459 620 197
929 698 436
527 59 386
815 428 397
313 215 77
336 736 538
366 263 962
133 650 681
682 663 599
700 34 260
871 356 575
670 628 260
391 307 854
98 355 275
274 233 117
535 500 508
287 954 994
533 613 75
496 343 503
79 116 360
886 724 575
549 288 615
951 891 306
534 894 450
778 136 263
276 366 981
148 864 199
505 632 688
945 552 189
72 462 4
36 727 89
262 159 618
341 477 4
291 422 188
657 964 716
258 280 46
397 740 383
56 488 117
278 35 735
941 356 730
420 904 723
237 60 868
496 15 987
706 818 896
200 325 146
180 980 956
387 266 821
940 803 952
881 956 905
880 526 585
129 602 705
13 845 154
414 340 29
256 86 737
689 946 463
725 425 786
507 482 633
961 224 870
770 524 675
554 922 137
880 32 507
451 608 726
758 485 648
678 753 265
357 87 153
401 412 381
950 934 580
124 607 943
222 441 598
611 701 621
771 863 650
154 108 863
565 692 842
396 441 532
822 101 532
203 562 596
551 848 873
772 244 967
779 88 720
245 942 126
688 107 810
117 618 516
615 613 326
577 669 217
878 448 107
157 708 269
24 912 535
187 78 699
39 477 523
588 554 755
94 1 575
480 901 221
392 773 184
436 976 368
783 949 70
721 204 445
653 61 59
509 296 345
169 688 236
917 98 450
499 805 938
416 447 978
146 757 644
918 532 977
442 170 924
124 310 76
329 225 162
956 123 399
851 486 474
939 715 716
823 927 584
170 858 55
492 671 500
210 401 622
353 364 518
341 773 237
886 524 210
600 884 137
333 105 160
698 841 684
38 540 892
235 772 195
426 717 901
542 115 389
307 629 692
872 576 416
324 578 677
101 443 704
870 272 891
517 22 790
387 890 266
68 776 350
976 402 986
220 802 812
895 891 595
887 837 167
949 455 386
853 899 795
252 799 85
586 287 929
830 253 686
675 534 541
163 8 124
66 182 34
749 736 752
955 685 501
369 767 761
499 652 23
222 311 337
898 241 430
19 574 692
443 27 277
963 402 613
404 615 528
398 792 371
746 462 439
112 410 566
41 599 55
540 136 500
200 334 785
693 212 33
544 286 669
179 741 512
759 590 476
617 578 622
837 623 674
701 145 25
126 786 801
396 19 396
440 449 603
415 343 838
73 575 931
411 330 844
467 271 168
370 530 387
286 751 327
371 769 789
407 91 762
955 291 791
336 627 734
522 554 553
430 107 164
395 114 49
938 92 910
629 214 846
531 13 472
599 552 267
658 746 830
291 217 407
86 569 93
476 360 442
35 90 704
828 221 548
930 21 14
878 364 373
32 948 851
238 66 863
89 948 814
32 681 92
251 933 984
321 142 33
756 582 954
460 814 443
693 177 499
818 61 117
319 239 559
473 33 367
470 600 702
26 679 284
762 71 325
565 715 600
107 129 955
126 733 753
784 74 283
656 785 865
655 119 592
685 425 893
698 324 988
24 519 892
876 292 831
972 45 718
708 482 337
124 65 49
602 43 982
621 631 484
828 133 169
567 807 200
376 161 315
300 806 21
212 295 870
306 413 830
634 422 323
102 11 362
97 856 617
572 619 717
345 513 388
227 341 505
608 547 296
19 750 695
278 398 128
978 119 892
516 189 957
156 519 741
62 947 85
330 224 202
924 150 426
395 272 642
170 845 530
440 923 813
783 34 580
179 604 38
701 780 604
643 712 996
266 806 453
423 979 272
225 216 873
867 537 338
589 195 21
819 799 675
531 430 596
173 410 7
16 342 947
820 537 981
666 726 394
814 644 662
900 897 367
206 194 196
471 887 931
930 128 839
369 61 196
789 783 643
370 504 380
739 566 718
346 578 436
79 944 716
495 240 644
542 203 460
63 15 627
152 646 526
202 309 437
102 360 108
882 589 135
297 236 825
592 365 196
500 968 409
308 93 871
198 398 471
616 754 836
18 865 590
234 528 3
510 419 733
209 2 775
102 2 566
647 551 77
417 811 627
864 801 46
512 839 430
920 779 830
340 900 281
541 817 586
87 176 784
970 635 234
611 847 891
693 847 435
537 3 81
291 460 848
247 909 894
839 589 808
187 885 686
296 745 148
862 583 604
636 40 760
171 320 731
205 260 247
840 746 92
872 967 240
223 262 652
62 3 112
752 491 878
262 84 132
917 569 631
125 486 628
595 243 102
398 338 587
404 421 274
929 852 683
166 913 23
480 950 93
914 493 841
521 341 708
790 244 322
324 402 696
202 158 139
356 120 548
220 339 991
665 743 3
485 197 519
363 485 362
699 810 364
822 622 570
719 120 409
544 700 878
489 636 300
396 402 451
392 722 385
946 882 890
856 166 474
324 128 254
544 698 789
661 584 696
170 525 669
184 675 227
574 310 374
296 907 950
866 791 998
973 477 816
429 16 306
608 243 422
682 614 833
622 922 90
591 654 288
840 723 178
941 26 697
8 808 189
55 870 465
886 455 736
196 965 439
396 911 838
489 271 13
63 515 690
305 312 4
896 218 809
672 246 452
401 492 936
763 900 213
510 346 198
799 927 919
244 817 817
617 268 392
970 253 112
251 356 718
240 216 767
119 169 356
566 214 320
512 63 643
447 681 569
133 140 197
699 836 439
154 771 438
786 703 343
31 31 361
706 832 858
367 706 683
844 321 800
849 155 877
76 231 418
155 864 458
516 134 791
660 300 835
143 52 124
74 750 765
90 736 319
445 802 184
97 330 293
180 504 472
86 530 836
9 835 121
190 476 194
922 896 468
732 580 324
513 381 527
776 533 342
164 96 396
924 16 700
580 110 396
80 126 652
767 350 13
192 858 399
385 905 964
596 819 247
980 342 975
670 888 956
597 907 783
720 365 191
862 24 313
701 362 142
385 358 749
882 633 14
348 671 645
86 632 401
596 364 724
182 229 83
893 370 423
260 670 587
784 976 599
572 221 143
681 333 492
184 532 784
750 673 903
627 662 62
207 826 313
113 151 18
203 452 583
90 798 519
140 121 385
859 838 33
520 28 883
178 423 894
11 881 740
777 293 662
369 499 121
696 653 152
30 325 357
517 782 397
262 858 219
243 1 152
48 793 987
675 436 84
826 127 835
256 875 570
803 969 850
381 101 718
363 582 984
380 811 141
597 923 386
182 39 836
2 703 433
114 104 62
562 671 369
497 567 150
144 315 848
770 337 770
784 416 485
355 134 821
869 678 288
966 172 411
657 600 613
99 92 692
836 927 554
247 256 758
880 381 65
601 245 127
479 16 981
775 534 491
199 623 855
830 232 268
363 660 661
836 767 6
717 41 960
947 754 585
875 183 838
675 896 492
905 64 802
292 105 517
842 169 208
750 1 762
801 24 735
663 966 259
638 222 661
55 158 946
794 816 254
644 872 532
219 308 418
139 716 182
351 29 465
706 901 195
20 465 395
975 136 834
129 493 768
724 4 606
736 236 554
373 126 156
602 686 676
921 88 874
679 374 416
48 503 647
233 733 574
345 845 631
554 206 741
959 871 519
805 668 169
812 13 150
337 333 790
135 473 542
52 329 757
616 292 40
797 950 93
41 348 376
779 486 230
895 319 592
881 697 749
311 960 740
407 765 436
189 193 154
764 565 718
234 65 739
22 628 949
83 880 685
183 23 446
68 302 797
102 560 209
836 156 327
71 806 665
782 956 809
370 808 940
272 189 295
